xof 0303txt 0032

template Frame {
  <3d82ab46-62da-11cf-ab39-0020af71e433>
  [...]
}

template Matrix4x4 {
  <f6f23f45-7686-11cf-8f52-0040333594a3>
  array FLOAT matrix[16];
}

template FrameTransformMatrix {
  <f6f23f41-7686-11cf-8f52-0040333594a3>
  Matrix4x4 frameMatrix;
}

template Vector {
  <3d82ab5e-62da-11cf-ab39-0020af71e433>
  FLOAT x;
  FLOAT y;
  FLOAT z;
}

template MeshFace {
  <3d82ab5f-62da-11cf-ab39-0020af71e433>
  DWORD nFaceVertexIndices;
  array DWORD faceVertexIndices[nFaceVertexIndices];
}

template Mesh {
  <3d82ab44-62da-11cf-ab39-0020af71e433>
  DWORD nVertices;
  array Vector vertices[nVertices];
  DWORD nFaces;
  array MeshFace faces[nFaces];
  [...]
}

template MeshNormals {
  <f6f23f43-7686-11cf-8f52-0040333594a3>
  DWORD nNormals;
  array Vector normals[nNormals];
  DWORD nFaceNormals;
  array MeshFace faceNormals[nFaceNormals];
}

template Coords2d {
  <f6f23f44-7686-11cf-8f52-0040333594a3>
  FLOAT u;
  FLOAT v;
}

template MeshTextureCoords {
  <f6f23f40-7686-11cf-8f52-0040333594a3>
  DWORD nTextureCoords;
  array Coords2d textureCoords[nTextureCoords];
}

template ColorRGBA {
  <35ff44e0-6c7c-11cf-8f52-0040333594a3>
  FLOAT red;
  FLOAT green;
  FLOAT blue;
  FLOAT alpha;
}

template IndexedColor {
  <1630b820-7842-11cf-8f52-0040333594a3>
  DWORD index;
  ColorRGBA indexColor;
}

template MeshVertexColors {
  <1630b821-7842-11cf-8f52-0040333594a3>
  DWORD nVertexColors;
  array IndexedColor vertexColors[nVertexColors];
}

template VertexElement {
  <f752461c-1e23-48f6-b9f8-8350850f336f>
  DWORD Type;
  DWORD Method;
  DWORD Usage;
  DWORD UsageIndex;
}

template DeclData {
  <bf22e553-292c-4781-9fea-62bd554bdd93>
  DWORD nElements;
  array VertexElement Elements[nElements];
  DWORD nDWords;
  array DWORD data[nDWords];
}

Frame DXCC_ROOT {
  FrameTransformMatrix {
     1.00000000, 0.00000000, 0.00000000, 0.00000000,
    0.00000000, 1.00000000, 0.00000000, 0.00000000,
    0.00000000, 0.00000000, 1.00000000, 0.00000000,
    0.00000000, 0.00000000, 0.00000000, 1.00000000;;
  }

  Frame RootNode {
    FrameTransformMatrix {
       1.00000000, 0.00000000, -0.00000000, 0.00000000,
      0.00000000, 1.00000000, -0.00000000, 0.00000000,
      -0.00000000, -0.00000000, 1.00000000, -0.00000000,
      0.00000000, 0.00000000, -0.00000000, 1.00000000;;
    }

    Frame Wolf_Skeleton {
      FrameTransformMatrix {
         100.00000000, 0.00000000, -0.00000000, 0.00000000,
        0.00000000, -100.00000000, 0.00003894, 0.00000000,
        -0.00000000, -0.00003894, -100.00000000, -0.00000000,
        0.00000000, 0.00000000, -0.00000000, 1.00000000;;
      }

      Frame Becken {
        FrameTransformMatrix {
           1.00000000, 0.00000000, -0.00000000, 0.00000000,
          0.00000000, 0.18789491, 0.98218912, 0.00000000,
          -0.00000000, -0.98218912, 0.18789491, -0.00000000,
          0.00000000, -0.40572202, -0.21156994, 1.00000000;;
        }

        Frame Bauch {
          FrameTransformMatrix {
             1.00000000, 0.00000000, -0.00000000, 0.00000000,
            0.00000000, 0.97589630, 0.21823484, 0.00000000,
            -0.00000000, -0.21823484, 0.97589630, -0.00000000,
            0.00000000, 0.09404165, 0.03559079, 1.00000000;;
          }

          Frame Bauch_001 {
            FrameTransformMatrix {
               1.00000000, 0.00000000, -0.00000000, 0.00000000,
              0.00000000, 0.99915224, 0.04116824, 0.00000000,
              -0.00000000, -0.04116824, 0.99915224, -0.00000000,
              0.00000000, 0.10818995, 0.00000001, 1.00000000;;
            }

            Frame Brust {
              FrameTransformMatrix {
                 1.00000000, 0.00000000, -0.00000000, 0.00000000,
                0.00000000, 0.96407497, 0.26563025, 0.00000000,
                -0.00000000, -0.26563025, 0.96407497, -0.00000000,
                0.00000000, 0.10698346, -0.00000001, 1.00000000;;
              }

              Frame Hals {
                FrameTransformMatrix {
                   1.00000000, 0.00000000, -0.00000000, 0.00000000,
                  0.00000000, 0.68356329, 0.72989124, 0.00000000,
                  -0.00000000, -0.72989124, 0.68356329, -0.00000000,
                  0.00000000, 0.12580226, -0.06079602, 1.00000000;;
                }

                Frame Kopf_002 {
                  FrameTransformMatrix {
                     1.00000000, 0.00000000, -0.00000000, 0.00000000,
                    0.00000000, -0.95060903, -0.31039080, 0.00000000,
                    -0.00000000, 0.31039080, -0.95060903, -0.00000000,
                    0.00000000, 0.15830155, -0.00000002, 1.00000000;;
                  }

                  Frame Kopf {
                    FrameTransformMatrix {
                       0.99999869, -0.00156733, -0.00040138, 0.00000000,
                      -0.00024929, -0.39439043, 0.91894293, 0.00000000,
                      -0.00159859, -0.91894162, -0.39439034, -0.00000000,
                      0.00000000, 0.10157771, -0.00000000, 1.00000000;;
                    }

                    Frame Unterkiefer {
                      FrameTransformMatrix {
                         0.99883300, 0.03364885, 0.03464661, 0.00000000,
                        0.01985818, 0.36779279, -0.92969573, 0.00000000,
                        -0.04402597, 0.92929876, 0.36669534, -0.00000000,
                        -0.00045603, 0.06370462, -0.04060670, 1.00000000;;
                      }

                      Frame Hals_fett {
                        FrameTransformMatrix {
                           0.99876791, 0.02125270, -0.04484374, 0.00000000,
                          -0.04942425, 0.50720364, -0.86040783, 0.00000000,
                          0.00445892, 0.86156416, 0.50762910, -0.00000000,
                          -0.00077220, 0.02998240, -0.01206490, 1.00000000;;
                        }

                        Frame Hals_fett_end {
                          FrameTransformMatrix {
                             1.00000000, 0.00000000, -0.00000000, 0.00000000,
                            0.00000000, 1.00000000, -0.00000000, 0.00000000,
                            -0.00000000, -0.00000000, 1.00000000, -0.00000000,
                            0.00000000, 0.06608035, -0.00000000, 1.00000000;;
                          }

                        }

                      }

                      Frame Maulunten {
                        FrameTransformMatrix {
                           0.99876791, 0.02125266, -0.04484377, 0.00000000,
                          0.01169660, 0.77737588, 0.62892759, 0.00000000,
                          0.04822685, -0.62867725, 0.77616948, -0.00000000,
                          0.00077219, 0.00831863, 0.01206490, 1.00000000;;
                        }

                        Frame Maulunten_end {
                          FrameTransformMatrix {
                             1.00000000, 0.00000000, -0.00000000, 0.00000000,
                            0.00000000, 1.00000000, -0.00000000, 0.00000000,
                            -0.00000000, -0.00000000, 1.00000000, -0.00000000,
                            0.00000000, 0.06784149, -0.00000000, 1.00000000;;
                          }

                        }

                      }

                    }

                    Frame Mauloben {
                      FrameTransformMatrix {
                         0.99999869, -0.00024929, -0.00159859, 0.00000000,
                        -0.00055106, 0.87649941, -0.48140255, 0.00000000,
                        0.00152117, 0.48140275, 0.87649822, -0.00000000,
                        -0.00004131, 0.09101534, -0.04003598, 1.00000000;;
                      }

                      Frame Mauloben_end {
                        FrameTransformMatrix {
                           1.00000000, 0.00000000, -0.00000000, 0.00000000,
                          0.00000000, 1.00000000, -0.00000000, 0.00000000,
                          -0.00000000, -0.00000000, 1.00000000, -0.00000000,
                          0.00000000, 0.06608006, -0.00000000, 1.00000000;;
                        }

                      }

                    }

                    Frame MundW_L {
                      FrameTransformMatrix {
                         -0.90560704, -0.42368075, -0.01924745, 0.00000000,
                        -0.39775425, 0.86418962, -0.30816841, 0.00000000,
                        0.14719847, -0.27142373, -0.95113707, -0.00000000,
                        0.03618486, 0.06730549, -0.03751384, 1.00000000;;
                      }

                      Frame MundW_L_end {
                        FrameTransformMatrix {
                           1.00000000, 0.00000000, -0.00000000, 0.00000000,
                          0.00000000, 1.00000000, -0.00000000, 0.00000000,
                          -0.00000000, -0.00000000, 1.00000000, -0.00000000,
                          0.00000000, 0.03183338, -0.00000000, 1.00000000;;
                        }

                      }

                    }

                    Frame MundW_R {
                      FrameTransformMatrix {
                         -0.90532017, 0.42415315, 0.02212454, 0.00000000,
                        0.39722314, 0.86398095, -0.30943620, 0.00000000,
                        -0.15036353, -0.27135044, -0.95066279, -0.00000000,
                        -0.03627105, 0.06732355, -0.03739801, 1.00000000;;
                      }

                      Frame MundW_R_end {
                        FrameTransformMatrix {
                           1.00000000, 0.00000000, -0.00000000, 0.00000000,
                          0.00000000, 1.00000000, -0.00000000, 0.00000000,
                          -0.00000000, -0.00000000, 1.00000000, -0.00000000,
                          0.00000000, 0.03183378, -0.00000000, 1.00000000;;
                        }

                      }

                    }

                    Frame Aug_R {
                      FrameTransformMatrix {
                         -0.95680499, -0.27645642, 0.08997787, 0.00000000,
                        -0.29072601, 0.91151512, -0.29089275, 0.00000000,
                        -0.00159702, -0.30448651, -0.95251530, -0.00000000,
                        -0.02207786, 0.10351582, 0.00960623, 1.00000000;;
                      }

                      Frame Aug_R_end {
                        FrameTransformMatrix {
                           1.00000000, 0.00000000, -0.00000000, 0.00000000,
                          0.00000000, 1.00000000, -0.00000000, 0.00000000,
                          -0.00000000, -0.00000000, 1.00000000, -0.00000000,
                          0.00000000, 0.00578338, -0.00000000, 1.00000000;;
                        }

                      }

                    }

                    Frame aug_L {
                      FrameTransformMatrix {
                         -0.95695078, 0.27693030, -0.08691908, 0.00000000,
                        0.29024604, 0.91137147, -0.29182073, 0.00000000,
                        -0.00159844, -0.30448598, -0.95251548, -0.00000000,
                        0.02216008, 0.10350479, 0.00953551, 1.00000000;;
                      }

                      Frame aug_L_end {
                        FrameTransformMatrix {
                           1.00000000, 0.00000000, -0.00000000, 0.00000000,
                          0.00000000, 1.00000000, -0.00000000, 0.00000000,
                          -0.00000000, -0.00000000, 1.00000000, -0.00000000,
                          0.00000000, 0.00578338, -0.00000000, 1.00000000;;
                        }

                      }

                    }

                    Frame Ohr_L {
                      FrameTransformMatrix {
                         0.96517032, 0.08289973, -0.24814089, 0.00000000,
                        0.15570013, 0.58020550, 0.79944915, 0.00000000,
                        0.21024683, -0.81024015, 0.54708964, -0.00000000,
                        0.03660122, 0.06407794, 0.06893285, 1.00000000;;
                      }

                      Frame Ohr_L_end {
                        FrameTransformMatrix {
                           1.00000000, 0.00000000, -0.00000000, 0.00000000,
                          0.00000000, 1.00000000, -0.00000000, 0.00000000,
                          -0.00000000, -0.00000000, 1.00000000, -0.00000000,
                          0.00000000, 0.03124889, -0.00000000, 1.00000000;;
                        }

                      }

                    }

                    Frame Ohr_R {
                      FrameTransformMatrix {
                         0.96591723, -0.08338106, 0.24505407, 0.00000000,
                        -0.15285426, 0.58028245, 0.79994237, 0.00000000,
                        -0.20890063, -0.81013572, 0.54775971, -0.00000000,
                        -0.03634869, 0.06409612, 0.06904947, 1.00000000;;
                      }

                      Frame Ohr_R_end {
                        FrameTransformMatrix {
                           1.00000000, 0.00000000, -0.00000000, 0.00000000,
                          0.00000000, 1.00000000, -0.00000000, 0.00000000,
                          -0.00000000, -0.00000000, 1.00000000, -0.00000000,
                          0.00000000, 0.03124889, -0.00000000, 1.00000000;;
                        }

                      }

                    }

                    Frame Braun_O_L {
                      FrameTransformMatrix {
                         -0.21507573, -0.84150064, -0.49559981, 0.00000000,
                        -0.65137184, 0.50171483, -0.56920731, 0.00000000,
                        0.72763807, 0.20039710, -0.65603650, -0.00000000,
                        0.03706112, 0.09801871, 0.03292478, 1.00000000;;
                      }

                      Frame Braun_O_L_end {
                        FrameTransformMatrix {
                           1.00000000, 0.00000000, -0.00000000, 0.00000000,
                          0.00000000, 1.00000000, -0.00000000, 0.00000000,
                          -0.00000000, -0.00000000, 1.00000000, -0.00000000,
                          0.00000000, 0.03700816, -0.00000000, 1.00000000;;
                        }

                      }

                    }

                    Frame Braun_O_R {
                      FrameTransformMatrix {
                         -0.21307027, 0.84160751, 0.49628404, 0.00000000,
                        0.64979899, 0.50139010, -0.57128739, 0.00000000,
                        -0.72963166, 0.20076051, -0.65370697, -0.00000000,
                        -0.03690679, 0.09803715, 0.03304302, 1.00000000;;
                      }

                      Frame Braun_O_R_end {
                        FrameTransformMatrix {
                           1.00000000, 0.00000000, -0.00000000, 0.00000000,
                          0.00000000, 1.00000000, -0.00000000, 0.00000000,
                          -0.00000000, -0.00000000, 1.00000000, -0.00000000,
                          0.00000000, 0.03700816, -0.00000000, 1.00000000;;
                        }

                      }

                    }

                    Frame aug_lied_O_L {
                      FrameTransformMatrix {
                         -0.47010532, -0.87951016, -0.07391040, 0.00000000,
                        -0.81556183, 0.46488246, -0.34459135, 0.00000000,
                        0.33743125, -0.10171573, -0.93583864, -0.00000000,
                        0.03271465, 0.10388853, 0.01608061, 1.00000000;;
                      }

                      Frame aug_lied_O_L_end {
                        FrameTransformMatrix {
                           1.00000000, 0.00000000, -0.00000000, 0.00000000,
                          0.00000000, 1.00000000, -0.00000000, 0.00000000,
                          -0.00000000, -0.00000000, 1.00000000, -0.00000000,
                          0.00000000, 0.01836894, -0.00000000, 1.00000000;;
                        }

                      }

                    }

                    Frame aug_lied_O_R {
                      FrameTransformMatrix {
                         -0.46942779, 0.87974453, 0.07541277, 0.00000000,
                        0.81468797, 0.46447599, -0.34719682, 0.00000000,
                        -0.34047192, -0.10154596, -0.93475521, -0.00000000,
                        -0.03261127, 0.10390479, 0.01618505, 1.00000000;;
                      }

                      Frame aug_lied_O_R_end {
                        FrameTransformMatrix {
                           1.00000000, 0.00000000, -0.00000000, 0.00000000,
                          0.00000000, 1.00000000, -0.00000000, 0.00000000,
                          -0.00000000, -0.00000000, 1.00000000, -0.00000000,
                          0.00000000, 0.01836894, -0.00000000, 1.00000000;;
                        }

                      }

                    }

                    Frame aug_lied_U_L {
                      FrameTransformMatrix {
                         -0.31928074, -0.89629471, -0.30775899, 0.00000000,
                        -0.76060849, 0.43608588, -0.48094064, 0.00000000,
                        0.56527388, 0.08052902, -0.82096320, -0.00000000,
                        0.03312891, 0.10219183, 0.01338350, 1.00000000;;
                      }

                      Frame aug_lied_U_L_end {
                        FrameTransformMatrix {
                           1.00000000, 0.00000000, -0.00000000, 0.00000000,
                          0.00000000, 1.00000000, -0.00000000, 0.00000000,
                          -0.00000000, -0.00000000, 1.00000000, -0.00000000,
                          0.00000000, 0.01923817, -0.00000000, 1.00000000;;
                        }

                      }

                    }

                    Frame aug_lied_U_R {
                      FrameTransformMatrix {
                         -0.31784827, 0.89645368, 0.30877712, 0.00000000,
                        0.75928462, 0.43570670, -0.48336998, 0.00000000,
                        -0.56785506, 0.08081141, -0.81915212, -0.00000000,
                        -0.03303501, 0.10220832, 0.01348927, 1.00000000;;
                      }

                      Frame aug_lied_U_R_end {
                        FrameTransformMatrix {
                           1.00000000, 0.00000000, -0.00000000, 0.00000000,
                          0.00000000, 1.00000000, -0.00000000, 0.00000000,
                          -0.00000000, -0.00000000, 1.00000000, -0.00000000,
                          0.00000000, 0.01923817, -0.00000000, 1.00000000;;
                        }

                      }

                    }

                  }

                }

              }

              Frame Bauch_003 {
                FrameTransformMatrix {
                   1.00000000, 0.00000000, -0.00000000, 0.00000000,
                  0.00000000, -0.73939633, -0.67327046, 0.00000000,
                  -0.00000000, 0.67327046, -0.73939633, -0.00000000,
                  0.00000000, 0.12768653, 0.06079589, 1.00000000;;
                }

                Frame Schalterplatte_L {
                  FrameTransformMatrix {
                     0.87905800, -0.47596902, -0.02665415, 0.00000000,
                    0.20098205, 0.31932926, 0.92608589, 0.00000000,
                    -0.43227676, -0.81944019, 0.37637019, -0.00000000,
                    0.03820800, 0.08925688, 0.00000001, 1.00000000;;
                  }

                  Frame Oberarm_L {
                    FrameTransformMatrix {
                       0.88598901, 0.20473947, -0.41605905, 0.00000000,
                      -0.46172825, 0.30673751, -0.83229744, 0.00000000,
                      -0.04278323, 0.92951268, 0.36630005, -0.00000000,
                      -0.00000001, 0.14186344, 0.00000002, 1.00000000;;
                    }

                    Frame Unterarm_L {
                      FrameTransformMatrix {
                         0.99995935, -0.00773699, -0.00462916, 0.00000000,
                        0.00892660, 0.77741307, 0.62892711, 0.00000000,
                        -0.00126723, -0.62894285, 0.77745050, -0.00000000,
                        0.00000000, 0.20282322, 0.00000001, 1.00000000;;
                      }

                      Frame Vorderpfote_L {
                        FrameTransformMatrix {
                           0.99971879, 0.01526427, -0.01814761, 0.00000000,
                          0.01527554, 0.17082289, 0.98518330, 0.00000000,
                          0.01813813, -0.98518354, 0.17054169, -0.00000000,
                          0.00000001, 0.17059478, -0.00000002, 1.00000000;;
                        }

                        Frame Vorderpfote_L_end {
                          FrameTransformMatrix {
                             1.00000000, 0.00000000, -0.00000000, 0.00000000,
                            0.00000000, 1.00000000, -0.00000000, 0.00000000,
                            -0.00000000, -0.00000000, 1.00000000, -0.00000000,
                            0.00000000, 0.04503601, -0.00000000, 1.00000000;;
                          }

                        }

                      }

                    }

                  }

                }

                Frame Schalterplatte_R {
                  FrameTransformMatrix {
                     0.87905800, 0.47596902, 0.02665415, 0.00000000,
                    -0.20098205, 0.31932926, 0.92608589, 0.00000000,
                    0.43227676, -0.81944019, 0.37637019, -0.00000000,
                    -0.03820800, 0.08925688, 0.00000001, 1.00000000;;
                  }

                  Frame Oberarm_R {
                    FrameTransformMatrix {
                       0.88598901, -0.20473947, 0.41605905, 0.00000000,
                      0.46172825, 0.30673751, -0.83229744, 0.00000000,
                      0.04278323, 0.92951268, 0.36630005, -0.00000000,
                      0.00000001, 0.14186344, 0.00000002, 1.00000000;;
                    }

                    Frame Unterarm_R {
                      FrameTransformMatrix {
                         0.99995935, 0.00773713, 0.00462914, 0.00000000,
                        -0.00892670, 0.77741247, 0.62892777, 0.00000000,
                        0.00126734, -0.62894350, 0.77744991, -0.00000000,
                        0.00000000, 0.20282322, 0.00000001, 1.00000000;;
                      }

                      Frame Vorderpfote_R {
                        FrameTransformMatrix {
                           0.99588853, -0.08539569, 0.03022619, 0.00000000,
                          -0.01525345, 0.17082368, 0.98518354, 0.00000000,
                          -0.08929378, -0.98159409, 0.16881876, -0.00000000,
                          0.00000001, 0.17059383, -0.00000000, 1.00000000;;
                        }

                        Frame Vorderpfote_R_end {
                          FrameTransformMatrix {
                             1.00000000, 0.00000000, -0.00000000, 0.00000000,
                            0.00000000, 1.00000000, -0.00000000, 0.00000000,
                            -0.00000000, -0.00000000, 1.00000000, -0.00000000,
                            0.00000000, 0.04503701, -0.00000000, 1.00000000;;
                          }

                        }

                      }

                    }

                  }

                }

              }

            }

          }

        }

        Frame Schwanz {
          FrameTransformMatrix {
             1.00000000, 0.00000000, -0.00000000, 0.00000000,
            0.00000000, -0.85532439, -0.51809287, 0.00000000,
            -0.00000000, 0.51809287, -0.85532439, -0.00000000,
            0.00000000, -0.00279495, -0.01252731, 1.00000000;;
          }

          Frame Schwanz_001 {
            FrameTransformMatrix {
               1.00000000, 0.00000000, -0.00000000, 0.00000000,
              0.00000000, 0.99124998, -0.13199800, 0.00000000,
              -0.00000000, 0.13199800, 0.99124998, -0.00000000,
              0.00000000, 0.09104286, -0.00000001, 1.00000000;;
            }

            Frame Schwanz_002 {
              FrameTransformMatrix {
                 1.00000000, 0.00000000, -0.00000000, 0.00000000,
                0.00000000, 0.97106785, -0.23880379, 0.00000000,
                -0.00000000, 0.23880379, 0.97106785, -0.00000000,
                0.00000000, 0.07855696, 0.00000002, 1.00000000;;
              }

              Frame Schwanz_003 {
                FrameTransformMatrix {
                   1.00000000, 0.00000000, -0.00000000, 0.00000000,
                  0.00000000, 0.97956264, -0.20113923, 0.00000000,
                  -0.00000000, 0.20113923, 0.97956264, -0.00000000,
                  0.00000000, 0.08350340, 0.00000000, 1.00000000;;
                }

                Frame Schwanz_003_end {
                  FrameTransformMatrix {
                     1.00000000, 0.00000000, -0.00000000, 0.00000000,
                    0.00000000, 1.00000000, -0.00000000, 0.00000000,
                    -0.00000000, -0.00000000, 1.00000000, -0.00000000,
                    0.00000000, 0.08224313, -0.00000000, 1.00000000;;
                  }

                }

              }

            }

          }

        }

        Frame Oberschenkel_L {
          FrameTransformMatrix {
             0.99153310, 0.06898660, 0.11001357, 0.00000000,
            0.08842883, 0.26168993, -0.96109247, 0.00000000,
            -0.09509195, 0.96268338, 0.25337386, -0.00000000,
            0.05837000, 0.05429988, -0.01153173, 1.00000000;;
          }

          Frame Unterschenkel_L {
            FrameTransformMatrix {
               0.98871416, 0.09692105, -0.11423929, 0.00000000,
              -0.14653593, 0.78429222, -0.60283738, 0.00000000,
              0.03116935, 0.61277401, 0.78964323, -0.00000000,
              0.00000001, 0.16864413, -0.00000002, 1.00000000;;
            }

            Frame Pfote1_L {
              FrameTransformMatrix {
                 0.99159974, -0.12529953, 0.03209198, 0.00000000,
                0.08746880, 0.83237916, 0.54726058, 0.00000000,
                -0.09528419, -0.53985643, 0.83634681, -0.00000000,
                0.00000000, 0.11909027, -0.00000000, 1.00000000;;
              }

              Frame Pfote2_L {
                FrameTransformMatrix {
                   0.99403197, 0.07742818, -0.07684629, 0.00000000,
                  0.07746196, -0.00497540, 0.99698287, 0.00000000,
                  0.07681223, -0.99698550, -0.01094344, -0.00000000,
                  -0.00000001, 0.09876253, -0.00000001, 1.00000000;;
                }

                Frame Pfote2_L_end {
                  FrameTransformMatrix {
                     1.00000000, 0.00000000, -0.00000000, 0.00000000,
                    0.00000000, 1.00000000, -0.00000000, 0.00000000,
                    -0.00000000, -0.00000000, 1.00000000, -0.00000000,
                    0.00000000, 0.04541801, -0.00000000, 1.00000000;;
                  }

                }

              }

            }

          }

        }

        Frame Oberschenkel_R {
          FrameTransformMatrix {
             0.99153322, -0.06898616, -0.11001289, 0.00000000,
            -0.08842832, 0.26168963, -0.96109259, 0.00000000,
            0.09509133, 0.96268350, 0.25337362, -0.00000000,
            -0.05837000, 0.05429988, -0.01153173, 1.00000000;;
          }

          Frame Unterschenkel_R {
            FrameTransformMatrix {
               0.98871428, -0.09692051, 0.11423862, 0.00000000,
              0.14653507, 0.78429252, -0.60283720, 0.00000000,
              -0.03116921, 0.61277378, 0.78964347, -0.00000000,
              0.00000001, 0.16864507, 0.00000001, 1.00000000;;
            }

            Frame Pfote1_R {
              FrameTransformMatrix {
                 0.99159986, 0.12529886, -0.03209238, 0.00000000,
                -0.08746900, 0.83238482, 0.54725206, 0.00000000,
                0.09528328, -0.53984803, 0.83635241, -0.00000000,
                0.00000001, 0.11909024, 0.00000001, 1.00000000;;
              }

              Frame Pfote2_R {
                FrameTransformMatrix {
                   0.99403203, -0.07742814, 0.07684554, 0.00000000,
                  -0.07746198, -0.00498532, 0.99698287, 0.00000000,
                  -0.07681143, -0.99698550, -0.01095331, -0.00000000,
                  0.00000001, 0.09876252, -0.00000003, 1.00000000;;
                }

                Frame Pfote2_R_end {
                  FrameTransformMatrix {
                     1.00000000, 0.00000000, -0.00000000, 0.00000000,
                    0.00000000, 1.00000000, -0.00000000, 0.00000000,
                    -0.00000000, -0.00000000, 1.00000000, -0.00000000,
                    0.00000000, 0.04541800, -0.00000000, 1.00000000;;
                  }

                }

              }

            }

          }

        }

      }

      Frame root {
        FrameTransformMatrix {
           1.00000000, 0.00000000, -0.00000015, 0.00000000,
          0.00000000, -1.00000000, 0.00000039, 0.00000000,
          -0.00000015, -0.00000039, -1.00000000, -0.00000000,
          0.00000000, 0.00000000, -0.00000000, 1.00000000;;
        }

        Frame root_end {
          FrameTransformMatrix {
             1.00000000, 0.00000000, -0.00000000, 0.00000000,
            0.00000000, 1.00000000, -0.00000000, 0.00000000,
            -0.00000000, -0.00000000, 1.00000000, -0.00000000,
            0.00000000, 0.09654900, -0.00000000, 1.00000000;;
          }

        }

      }

    }

    Frame Wolf_obj_body_003 {
      FrameTransformMatrix {
         100.00000000, 0.00000000, -0.00000000, 0.00000000,
        0.00000000, -0.00001629, 100.00000000, 0.00000000,
        -0.00000000, -100.00000000, -0.00001629, -0.00000000,
        0.00000000, 0.00000000, -0.00000000, 1.00000000;;
      }

      Mesh Mesh_mShape {
        5296;
        0.00699412;-0.43432292;-0.44076443;,
        0.00708625;-0.43351391;-0.43922180;,
        0.00782896;-0.43250525;-0.43946627;,
        0.00774840;-0.43335047;-0.44092530;,
        0.00699412;-0.43432292;-0.44076443;,
        0.00774840;-0.43335047;-0.44092530;,
        0.00755629;-0.43413785;-0.44262126;,
        0.00684403;-0.43499658;-0.44250637;,
        0.00699412;-0.43432292;-0.44076443;,
        0.00684403;-0.43499658;-0.44250637;,
        0.00590796;-0.43516156;-0.44257739;,
        0.00595605;-0.43449277;-0.44067681;,
        0.00699412;-0.43432292;-0.44076443;,
        0.00595605;-0.43449277;-0.44067681;,
        0.00600674;-0.43367362;-0.43893310;,
        0.00708625;-0.43351391;-0.43922180;,
        0.00657799;-0.43539956;-0.44464713;,
        0.00684403;-0.43499658;-0.44250637;,
        0.00755629;-0.43413785;-0.44262126;,
        0.00714107;-0.43480951;-0.44479120;,
        0.00657799;-0.43539956;-0.44464713;,
        0.00714107;-0.43480951;-0.44479120;,
        0.00671177;-0.43513235;-0.44627485;,
        0.00630053;-0.43551859;-0.44659570;,
        0.00657799;-0.43539956;-0.44464713;,
        0.00630053;-0.43551859;-0.44659570;,
        0.00592571;-0.43554187;-0.44626385;,
        0.00586506;-0.43552977;-0.44479185;,
        0.00657799;-0.43539956;-0.44464713;,
        0.00586506;-0.43552977;-0.44479185;,
        0.00590796;-0.43516156;-0.44257739;,
        0.00684403;-0.43499658;-0.44250637;,
        0.00772750;-0.43207026;-0.44108003;,
        0.00755015;-0.43303359;-0.44293219;,
        0.00755629;-0.43413785;-0.44262126;,
        0.00774840;-0.43335047;-0.44092530;,
        0.00772750;-0.43207026;-0.44108003;,
        0.00774840;-0.43335047;-0.44092530;,
        0.00782896;-0.43250525;-0.43946627;,
        0.00778752;-0.43114278;-0.43945780;,
        0.00772750;-0.43207026;-0.44108003;,
        0.00778752;-0.43114278;-0.43945780;,
        0.00705866;-0.43011692;-0.43928710;,
        0.00705612;-0.43111378;-0.44115019;,
        0.00772750;-0.43207026;-0.44108003;,
        0.00705612;-0.43111378;-0.44115019;,
        0.00696714;-0.43221709;-0.44321612;,
        0.00755015;-0.43303359;-0.44293219;,
        0.00713813;-0.43406844;-0.44524437;,
        0.00661797;-0.43492171;-0.44714466;,
        0.00671177;-0.43513235;-0.44627485;,
        0.00714107;-0.43480951;-0.44479120;,
        0.00713813;-0.43406844;-0.44524437;,
        0.00714107;-0.43480951;-0.44479120;,
        0.00755629;-0.43413785;-0.44262126;,
        0.00755015;-0.43303359;-0.44293219;,
        0.00713813;-0.43406844;-0.44524437;,
        0.00755015;-0.43303359;-0.44293219;,
        0.00696714;-0.43221709;-0.44321612;,
        0.00670528;-0.43353307;-0.44568771;,
        0.00713813;-0.43406844;-0.44524437;,
        0.00670528;-0.43353307;-0.44568771;,
        0.00645684;-0.43441972;-0.44701728;,
        0.00661797;-0.43492171;-0.44714466;,
        0.00585895;-0.43111256;-0.44105738;,
        0.00594880;-0.43222159;-0.44324994;,
        0.00696714;-0.43221709;-0.44321612;,
        0.00705612;-0.43111378;-0.44115019;,
        0.00585895;-0.43111256;-0.44105738;,
        0.00705612;-0.43111378;-0.44115019;,
        0.00705866;-0.43011692;-0.43928710;,
        0.00573908;-0.43011823;-0.43904483;,
        0.00585895;-0.43111256;-0.44105738;,
        0.00573908;-0.43011823;-0.43904483;,
        0.00475629;-0.43096846;-0.43884683;,
        0.00494558;-0.43191391;-0.44089133;,
        0.00585895;-0.43111256;-0.44105738;,
        0.00494558;-0.43191391;-0.44089133;,
        0.00515426;-0.43291989;-0.44309789;,
        0.00594880;-0.43222159;-0.44324994;,
        0.00597859;-0.43356007;-0.44580251;,
        0.00601286;-0.43473172;-0.44765851;,
        0.00645684;-0.43441972;-0.44701728;,
        0.00670528;-0.43353307;-0.44568771;,
        0.00597859;-0.43356007;-0.44580251;,
        0.00670528;-0.43353307;-0.44568771;,
        0.00696714;-0.43221709;-0.44321612;,
        0.00594880;-0.43222159;-0.44324994;,
        0.00597859;-0.43356007;-0.44580251;,
        0.00594880;-0.43222159;-0.44324994;,
        0.00515426;-0.43291989;-0.44309789;,
        0.00540175;-0.43404695;-0.44562840;,
        0.00597859;-0.43356007;-0.44580251;,
        0.00540175;-0.43404695;-0.44562840;,
        0.00565855;-0.43473753;-0.44697970;,
        0.00601286;-0.43473172;-0.44765851;,
        0.00512557;-0.43336520;-0.44074178;,
        0.00524268;-0.43418461;-0.44282413;,
        0.00515426;-0.43291989;-0.44309789;,
        0.00494558;-0.43191391;-0.44089133;,
        0.00512557;-0.43336520;-0.44074178;,
        0.00494558;-0.43191391;-0.44089133;,
        0.00475629;-0.43096846;-0.43884683;,
        0.00503780;-0.43248937;-0.43880883;,
        0.00512557;-0.43336520;-0.44074178;,
        0.00503780;-0.43248937;-0.43880883;,
        0.00600674;-0.43367362;-0.43893310;,
        0.00595605;-0.43449277;-0.44067681;,
        0.00512557;-0.43336520;-0.44074178;,
        0.00595605;-0.43449277;-0.44067681;,
        0.00590796;-0.43516156;-0.44257739;,
        0.00524268;-0.43418461;-0.44282413;,
        0.00541844;-0.43489119;-0.44520527;,
        0.00569542;-0.43532857;-0.44710949;,
        0.00565855;-0.43473753;-0.44697970;,
        0.00540175;-0.43404695;-0.44562840;,
        0.00541844;-0.43489119;-0.44520527;,
        0.00540175;-0.43404695;-0.44562840;,
        0.00515426;-0.43291989;-0.44309789;,
        0.00524268;-0.43418461;-0.44282413;,
        0.00541844;-0.43489119;-0.44520527;,
        0.00524268;-0.43418461;-0.44282413;,
        0.00590796;-0.43516156;-0.44257739;,
        0.00586506;-0.43552977;-0.44479185;,
        0.00541844;-0.43489119;-0.44520527;,
        0.00586506;-0.43552977;-0.44479185;,
        0.00592571;-0.43554187;-0.44626385;,
        0.00569542;-0.43532857;-0.44710949;,
        0.00611616;-0.43534029;-0.44776118;,
        0.00569542;-0.43532857;-0.44710949;,
        0.00592571;-0.43554187;-0.44626385;,
        0.00630053;-0.43551859;-0.44659570;,
        0.00611616;-0.43534029;-0.44776118;,
        0.00630053;-0.43551859;-0.44659570;,
        0.00671177;-0.43513235;-0.44627485;,
        0.00661797;-0.43492171;-0.44714466;,
        0.00611616;-0.43534029;-0.44776118;,
        0.00661797;-0.43492171;-0.44714466;,
        0.00645684;-0.43441972;-0.44701728;,
        0.00601286;-0.43473172;-0.44765851;,
        0.00611616;-0.43534029;-0.44776118;,
        0.00601286;-0.43473172;-0.44765851;,
        0.00565855;-0.43473753;-0.44697970;,
        0.00569542;-0.43532857;-0.44710949;,
        0.00447843;-0.43624452;-0.44119489;,
        0.00437993;-0.43643788;-0.44245398;,
        0.00359356;-0.43648076;-0.44247541;,
        0.00358426;-0.43623465;-0.44114470;,
        0.00447843;-0.43624452;-0.44119489;,
        0.00358426;-0.43623465;-0.44114470;,
        0.00354618;-0.43590820;-0.43977857;,
        0.00450656;-0.43598768;-0.43991551;,
        0.00447843;-0.43624452;-0.44119489;,
        0.00450656;-0.43598768;-0.43991551;,
        0.00516742;-0.43551850;-0.44002384;,
        0.00509587;-0.43579116;-0.44127268;,
        0.00447843;-0.43624452;-0.44119489;,
        0.00509587;-0.43579116;-0.44127268;,
        0.00493000;-0.43602973;-0.44251460;,
        0.00437993;-0.43643788;-0.44245398;,
        0.00414073;-0.43650422;-0.44367242;,
        0.00387484;-0.43645316;-0.44466215;,
        0.00356776;-0.43649167;-0.44448555;,
        0.00354530;-0.43656614;-0.44373527;,
        0.00414073;-0.43650422;-0.44367242;,
        0.00354530;-0.43656614;-0.44373527;,
        0.00359356;-0.43648076;-0.44247541;,
        0.00437993;-0.43643788;-0.44245398;,
        0.00414073;-0.43650422;-0.44367242;,
        0.00437993;-0.43643788;-0.44245398;,
        0.00493000;-0.43602973;-0.44251460;,
        0.00457548;-0.43620020;-0.44374260;,
        0.00414073;-0.43650422;-0.44367242;,
        0.00457548;-0.43620020;-0.44374260;,
        0.00420843;-0.43627056;-0.44449276;,
        0.00387484;-0.43645316;-0.44466215;,
        0.00489476;-0.43503881;-0.44129971;,
        0.00476218;-0.43543929;-0.44263285;,
        0.00493000;-0.43602973;-0.44251460;,
        0.00509587;-0.43579116;-0.44127268;,
        0.00489476;-0.43503881;-0.44129971;,
        0.00509587;-0.43579116;-0.44127268;,
        0.00516742;-0.43551850;-0.44002384;,
        0.00494946;-0.43462288;-0.43995547;,
        0.00489476;-0.43503881;-0.44129971;,
        0.00494946;-0.43462288;-0.43995547;,
        0.00421053;-0.43386102;-0.43983853;,
        0.00420876;-0.43442607;-0.44130188;,
        0.00489476;-0.43503881;-0.44129971;,
        0.00420876;-0.43442607;-0.44130188;,
        0.00416693;-0.43498284;-0.44274378;,
        0.00476218;-0.43543929;-0.44263285;,
        0.00447384;-0.43580884;-0.44394398;,
        0.00409635;-0.43610728;-0.44491681;,
        0.00420843;-0.43627056;-0.44449276;,
        0.00457548;-0.43620020;-0.44374260;,
        0.00447384;-0.43580884;-0.44394398;,
        0.00457548;-0.43620020;-0.44374260;,
        0.00493000;-0.43602973;-0.44251460;,
        0.00476218;-0.43543929;-0.44263285;,
        0.00447384;-0.43580884;-0.44394398;,
        0.00476218;-0.43543929;-0.44263285;,
        0.00416693;-0.43498284;-0.44274378;,
        0.00404497;-0.43552312;-0.44414264;,
        0.00447384;-0.43580884;-0.44394398;,
        0.00404497;-0.43552312;-0.44414264;,
        0.00391271;-0.43587518;-0.44483262;,
        0.00409635;-0.43610728;-0.44491681;,
        0.00337154;-0.43439162;-0.44130528;,
        0.00343469;-0.43497694;-0.44278225;,
        0.00416693;-0.43498284;-0.44274378;,
        0.00420876;-0.43442607;-0.44130188;,
        0.00337154;-0.43439162;-0.44130528;,
        0.00420876;-0.43442607;-0.44130188;,
        0.00421053;-0.43386102;-0.43983853;,
        0.00330849;-0.43379307;-0.43980104;,
        0.00337154;-0.43439162;-0.44130528;,
        0.00330849;-0.43379307;-0.43980104;,
        0.00270597;-0.43427378;-0.43979216;,
        0.00281105;-0.43482041;-0.44128108;,
        0.00337154;-0.43439162;-0.44130528;,
        0.00281105;-0.43482041;-0.44128108;,
        0.00293877;-0.43533626;-0.44273871;,
        0.00343469;-0.43497694;-0.44278225;,
