xof 0303txt 0032
template Frame {
 <3d82ab46-62da-11cf-ab39-0020af71e433>
 [...]
}

template Matrix4x4 {
 <f6f23f45-7686-11cf-8f52-0040333594a3>
 array FLOAT matrix[16];
}

template FrameTransformMatrix {
 <f6f23f41-7686-11cf-8f52-0040333594a3>
 Matrix4x4 frameMatrix;
}

template AnimTicksPerSecond {
 <9e415a43-7ba6-4a73-8743-b73d47e88476>
 DWORD AnimTicksPerSecond;
}

template Animation {
 <3d82ab4f-62da-11cf-ab39-0020af71e433>
 [...]
}

template AnimationSet {
 <3d82ab50-62da-11cf-ab39-0020af71e433>
 [Animation <3d82ab4f-62da-11cf-ab39-0020af71e433>]
}

template FloatKeys {
 <10dd46a9-775b-11cf-8f52-0040333594a3>
 DWORD nValues;
 array FLOAT values[nValues];
}

template TimedFloatKeys {
 <f406b180-7b3b-11cf-8f52-0040333594a3>
 DWORD time;
 FloatKeys tfkeys;
}

template AnimationKey {
 <10dd46a8-775b-11cf-8f52-0040333594a3>
 DWORD keyType;
 DWORD nKeys;
 array TimedFloatKeys keys[nKeys];
}


Frame Root_Pelvis {
 

 FrameTransformMatrix {
  -0.000000,-0.034403,-0.392195,0.000000,-0.393701,-0.000000,0.000000,0.000000,-0.000000,0.392195,-0.034403,0.000000,0.000000,91.219162,52.933776,1.000000;;
 }

 Frame Spine {
  

  FrameTransformMatrix {
   0.859841,-0.000000,0.510562,0.000000,0.000000,1.000000,0.000000,0.000000,-0.510562,-0.000000,0.859841,0.000000,126.060595,0.000000,0.000000,1.000000;;
  }

  Frame Chest {
   

   FrameTransformMatrix {
    0.998870,0.000000,-0.047531,0.000000,0.000000,1.000000,0.000000,0.000000,0.047531,0.000000,0.998870,0.000000,96.567731,0.000000,-0.000015,1.000000;;
   }

   Frame Neck {
    

    FrameTransformMatrix {
     0.803122,0.000000,0.595814,0.000000,0.000000,1.000000,-0.000000,0.000000,-0.595814,-0.000000,0.803122,0.000000,70.586150,0.000000,-0.000015,1.000000;;
    }

    Frame Head {
     

     FrameTransformMatrix {
      0.603181,-0.000000,-0.797604,0.000000,0.000000,1.000000,-0.000000,0.000000,0.797604,0.000000,0.603181,0.000000,86.905030,0.000000,0.000015,1.000000;;
     }

     Frame UpperMouth {
      

      FrameTransformMatrix {
       -0.000000,-1.000000,0.000000,0.000000,0.993307,-0.000000,-0.115501,0.000000,0.115501,-0.000000,0.993307,0.000000,95.672806,-0.000000,-6.092712,1.000000;;
      }
     }

     Frame Jaw {
      

      FrameTransformMatrix {
       0.890045,0.000000,-0.455874,0.000000,0.000000,1.000000,0.000000,0.000000,0.455874,0.000000,0.890045,0.000000,41.192093,0.000000,-23.123779,1.000000;;
      }

      Frame JawTip {
       

       FrameTransformMatrix {
        -0.000000,-1.000000,-0.000000,0.000000,0.899981,-0.000000,0.435928,0.000000,-0.435928,0.000000,0.899981,0.000000,57.773382,-0.000000,35.099702,1.000000;;
       }
      }
     }

     Frame Eye_Left {
      

      FrameTransformMatrix {
       -0.000000,-1.000000,0.000000,0.000000,0.993307,-0.000000,-0.115501,0.000000,0.115501,-0.000000,0.993307,0.000000,86.657702,-31.675533,9.584229,1.000000;;
      }
     }

     Frame Eye_Right {
      

      FrameTransformMatrix {
       -0.000000,-1.000000,-0.000000,0.000000,-0.993307,-0.000000,0.115501,0.000000,-0.115501,0.000000,-0.993307,0.000000,86.657517,31.675501,9.584686,1.000000;;
      }
     }
    }

    Frame NeckFat_Left {
     

     FrameTransformMatrix {
      -0.206439,-0.408782,-0.888977,0.000000,-0.092467,0.912632,-0.398186,0.000000,0.974080,0.000000,-0.226202,0.000000,-30.930358,-59.219475,-124.621901,1.000000;;
     }
    }

    Frame NeckFat_Right {
     

     FrameTransformMatrix {
      -0.208230,0.391320,-0.896387,0.000000,0.088546,0.920255,0.381170,0.000000,0.974064,0.000000,-0.226274,0.000000,-30.930390,59.219501,-124.621786,1.000000;;
     }
    }
   }

   Frame UpperArm_Left {
    

    FrameTransformMatrix {
     -0.484692,-0.184515,-0.855002,0.000000,-0.097883,0.982799,-0.156606,0.000000,0.869191,0.007784,-0.494415,0.000000,-42.504134,-109.257626,-103.588730,1.000000;;
    }

    Frame LowerArm_Left {
     

     FrameTransformMatrix {
      0.503465,-0.027697,0.863572,0.000000,0.033723,0.999354,0.012392,0.000000,-0.863357,0.022883,0.504074,0.000000,100.854765,0.000000,0.000000,1.000000;;
     }

     Frame Hand_Left {
      

      FrameTransformMatrix {
       0.880076,-0.042459,0.472931,0.000000,-0.068035,0.974442,0.214090,0.000000,-0.469934,-0.220591,0.854694,0.000000,55.176954,0.000015,-0.000011,1.000000;;
      }

      Frame HandTip_Left {
       

       FrameTransformMatrix {
        0.989203,0.016106,0.145666,0.000000,-0.006519,0.997795,-0.066057,0.000000,-0.146409,0.064395,0.987126,0.000000,30.651498,0.000000,-0.000004,1.000000;;
       }
      }
     }
    }
   }

   Frame UpperArm_Right {
    

    FrameTransformMatrix {
     -0.484692,0.184514,-0.855002,0.000000,0.097887,0.982799,0.156602,0.000000,0.869191,-0.007789,-0.494416,0.000000,-42.504195,109.258022,-103.588864,1.000000;;
    }

    Frame LowerArm_Right {
     

     FrameTransformMatrix {
      0.503464,0.027704,0.863572,0.000000,-0.033732,0.999354,-0.012395,0.000000,-0.863357,-0.022889,0.504074,0.000000,100.854528,0.000000,-0.000004,1.000000;;
     }

     Frame Hand_Right {
      

      FrameTransformMatrix {
       0.880120,0.037192,0.473292,0.000000,0.004991,0.996147,-0.087560,0.000000,-0.474725,0.079425,0.876543,0.000000,55.177043,-0.000046,0.000004,1.000000;;
      }

      Frame HandTip_Right {
       

       FrameTransformMatrix {
        0.988402,-0.068505,0.135530,0.000000,0.061894,0.996706,0.052409,0.000000,-0.138674,-0.043413,0.989386,0.000000,30.650858,0.000015,-0.000002,1.000000;;
       }
      }
     }
    }
   }
  }

  Frame Wing01_Left {
   

   FrameTransformMatrix {
    -0.819238,-0.141155,0.555810,0.000000,0.069093,-0.986468,-0.148687,0.000000,0.569277,-0.083408,0.817904,0.000000,109.476557,-86.857920,76.797043,1.000000;;
   }

   Frame Wing02_Left {
    

    FrameTransformMatrix {
     0.492857,0.852111,-0.176065,0.000000,-0.868617,0.493683,-0.042206,0.000000,0.050956,0.173734,0.983473,0.000000,67.823059,-0.000019,0.000031,1.000000;;
    }

    Frame Wing03_Left {
     

     FrameTransformMatrix {
      -0.133531,0.987473,-0.084066,0.000000,-0.830219,-0.065135,0.553620,0.000000,0.541209,0.143719,0.828516,0.000000,63.671776,0.000000,0.000000,1.000000;;
     }

     Frame WingHand_Left {
      

      FrameTransformMatrix {
       -0.526015,-0.834650,-0.163306,0.000000,0.838850,-0.540810,0.062092,0.000000,-0.140143,-0.104327,0.984619,0.000000,128.981619,0.000031,0.000000,1.000000;;
      }

      Frame WingIndex01_Left {
       

       FrameTransformMatrix {
        0.916466,-0.397911,0.041909,0.000000,0.382876,0.902575,0.196884,0.000000,-0.116169,-0.164392,0.979530,0.000000,112.764634,-30.335267,-9.404938,1.000000;;
       }

       Frame WingIndex02_Left {
        

        FrameTransformMatrix {
         0.756658,-0.653560,-0.018110,0.000000,0.621462,0.727550,-0.290614,0.000000,0.203109,0.208641,0.956669,0.000000,86.913056,-36.789254,23.679931,1.000000;;
        }

        Frame WingIndex03_Left {
         

         FrameTransformMatrix {
          0.909599,-0.337868,-0.241818,0.000000,0.296026,0.935391,-0.193424,0.000000,0.291546,0.104354,0.950848,0.000000,75.364038,-15.291482,-25.967469,1.000000;;
         }
        }
       }
      }

      Frame WingMiddle01_Left {
       

       FrameTransformMatrix {
        0.539819,-0.840767,0.041309,0.000000,0.728458,0.441992,-0.523442,0.000000,0.421834,0.312656,0.851059,0.000000,96.941651,-55.120192,1.704010,1.000000;;
       }

       Frame WingMiddle02_Left {
        

        FrameTransformMatrix {
         0.778698,-0.121832,-0.615456,0.000000,0.625469,0.227621,0.746309,0.000000,0.049167,-0.966098,0.253450,0.000000,82.147277,0.000092,-0.000031,1.000000;;
        }

        Frame WingMiddle03_Left {
         

         FrameTransformMatrix {
          0.843066,-0.458379,-0.281300,0.000000,0.452494,0.887251,-0.089638,0.000000,0.290672,-0.051715,0.955424,0.000000,62.438470,-0.000015,0.000000,1.000000;;
         }
        }
       }
      }

      Frame WingPinky01_Left {
       

       FrameTransformMatrix {
        0.409476,-0.912321,-0.000065,0.000000,0.758286,0.340380,-0.556006,0.000000,0.507278,0.227621,0.831178,0.000000,79.302522,-69.807162,5.969208,1.000000;;
       }

       Frame WingPinky02_Left {
        

        FrameTransformMatrix {
         0.827607,-0.235571,-0.509482,0.000000,0.557044,0.456350,0.693864,0.000000,0.069048,-0.858051,0.508902,0.000000,80.803245,0.000000,-0.000015,1.000000;;
        }

        Frame WingPinky03_Left {
         

         FrameTransformMatrix {
          0.843727,-0.509881,-0.167766,0.000000,0.508422,0.859360,-0.054852,0.000000,0.172139,-0.039016,0.984300,0.000000,37.347008,6.947067,-3.755707,1.000000;;
         }
        }
       }
      }
     }
    }
   }
  }

  Frame ValleyFat {
   

   FrameTransformMatrix {
    -0.433473,0.000000,-0.901167,0.000000,0.000000,1.000000,0.000000,0.000000,0.901167,0.000000,-0.433473,0.000000,-63.996454,0.000000,-125.222758,1.000000;;
   }
  }

  Frame Wing01_Right {
   

   FrameTransformMatrix {
    -0.819373,0.141501,0.555523,0.000000,-0.069207,-0.986387,0.149172,0.000000,0.569068,0.083781,0.818011,0.000000,109.476518,86.857920,76.796890,1.000000;;
   }

   Frame Wing02_Right {
    

    FrameTransformMatrix {
     0.492840,-0.852121,-0.176062,0.000000,0.868627,0.493666,0.042203,0.000000,0.050954,-0.173732,0.983474,0.000000,67.822957,0.000004,0.000031,1.000000;;
    }

    Frame Wing03_Right {
     

     FrameTransformMatrix {
      -0.133553,-0.987470,-0.084057,0.000000,0.830211,-0.065157,-0.553628,0.000000,0.541214,-0.143724,0.828511,0.000000,63.671354,-0.000004,0.000000,1.000000;;
     }

     Frame WingHand_Right {
      

      FrameTransformMatrix {
       -0.545916,0.837771,0.010697,0.000000,-0.762491,-0.491489,-0.420768,0.000000,-0.347250,-0.237861,0.907105,0.000000,128.982157,-0.000015,0.000000,1.000000;;
      }

      Frame WingIndex01_Right {
       

       FrameTransformMatrix {
        0.662639,0.747471,-0.046869,0.000000,-0.646977,0.539780,-0.538571,0.000000,-0.377267,0.387201,0.841276,0.000000,113.938138,47.060195,-3.240295,1.000000;;
       }

       Frame WingIndex02_Right {
        

        FrameTransformMatrix {
         0.807993,0.478992,0.343095,0.000000,-0.587971,0.692991,0.417198,0.000000,-0.037927,-0.538823,0.841565,0.000000,80.644326,-20.125763,5.437500,1.000000;;
        }

        Frame WingIndex03_Right {
         

         FrameTransformMatrix {
          0.813076,0.337869,-0.474080,0.000000,-0.571527,0.618182,-0.539636,0.000000,0.110742,0.709715,0.695730,0.000000,74.981811,-2.498817,-2.423859,1.000000;;
         }
        }
       }
      }

      Frame WingMiddle01_Right {
       

       FrameTransformMatrix {
        0.602058,0.775191,0.191324,0.000000,-0.797754,0.573987,0.184735,0.000000,0.033387,-0.263851,0.963985,0.000000,93.681178,57.248589,10.631165,1.000000;;
       }

       Frame WingMiddle02_Right {
        

        FrameTransformMatrix {
         0.810048,0.571476,-0.131294,0.000000,-0.586249,0.784900,-0.200610,0.000000,-0.011591,0.239474,0.970834,0.000000,81.111757,0.253769,-4.367066,1.000000;;
        }

        Frame WingMiddle03_Right {
         

         FrameTransformMatrix {
          0.903140,0.425873,-0.054496,0.000000,-0.411006,0.820868,-0.396548,0.000000,-0.124145,0.380536,0.916395,0.000000,59.836934,5.075378,-8.031982,1.000000;;
         }
        }
       }
      }

      Frame WingPinky01_Right {
       

       FrameTransformMatrix {
        0.877513,0.405255,0.256398,0.000000,-0.120950,-0.330343,0.936079,0.000000,0.464050,-0.852433,-0.240865,0.000000,77.041299,74.397376,14.536011,1.000000;;
       }

       Frame WingPinky02_Right {
        

        FrameTransformMatrix {
         0.826982,-0.042214,-0.560641,0.000000,-0.548938,-0.276156,-0.788927,0.000000,-0.121521,0.960186,-0.251549,0.000000,60.879181,-10.194702,-35.732323,1.000000;;
        }

        Frame WingPinky03_Right {
         

         FrameTransformMatrix {
          0.892756,0.402454,-0.202525,0.000000,-0.446722,0.849108,-0.281878,0.000000,0.058523,0.342121,0.937832,0.000000,35.481789,19.481102,-2.598938,1.000000;;
         }
        }
       }
      }
     }
    }
   }
  }
 }

 Frame UpperLeg_Left {
  

  FrameTransformMatrix {
   -0.197502,-0.123112,-0.972541,0.000000,-0.033383,0.992352,-0.118841,0.000000,0.979734,0.008995,-0.200101,0.000000,46.670678,-120.680922,-78.784986,1.000000;;
  }

  Frame LowerLeg_Left {
   

   FrameTransformMatrix {
    0.429929,0.041506,-0.901908,0.000000,-0.162095,0.986260,-0.031881,0.000000,0.888193,0.159901,0.430749,0.000000,79.997984,0.000000,-0.000015,1.000000;;
   }

   Frame ReverseLeg_Left {
    

    FrameTransformMatrix {
     -0.485200,-0.113254,0.867038,0.000000,0.035446,0.988214,0.148918,0.000000,-0.873685,0.102987,-0.475467,0.000000,58.832864,0.000015,-0.000008,1.000000;;
    }

    Frame Feet_Left {
     

     FrameTransformMatrix {
      0.685400,-0.211846,0.696670,0.000000,0.050338,0.968240,0.244903,0.000000,-0.726426,-0.132788,0.674295,0.000000,63.240333,0.000031,0.000023,1.000000;;
     }

     Frame Toe_Left {
      

      FrameTransformMatrix {
       0.988718,0.113669,0.097553,0.000000,-0.101573,0.987431,-0.121092,0.000000,-0.110092,0.109817,0.987836,0.000000,28.971565,-0.000015,-0.000002,1.000000;;
      }
     }
    }
   }
  }
 }

 Frame UpperLeg_Right {
  

  FrameTransformMatrix {
   -0.197508,0.123108,-0.972540,0.000000,0.033392,0.992352,0.118834,0.000000,0.979732,-0.009005,-0.200109,0.000000,46.670653,120.680973,-78.784915,1.000000;;
  }

  Frame LowerLeg_Right {
   

   FrameTransformMatrix {
    0.429936,-0.041509,-0.901904,0.000000,0.162104,0.986258,0.031884,0.000000,0.888188,-0.159910,0.430757,0.000000,79.998170,0.000015,0.000000,1.000000;;
   }

   Frame ReverseLeg_Right {
    

    FrameTransformMatrix {
     -0.485204,0.113274,0.867033,0.000000,-0.035450,0.988210,-0.148944,0.000000,-0.873682,-0.103005,-0.475468,0.000000,58.832781,0.000008,0.000000,1.000000;;
    }

    Frame Feet_Right {
     

     FrameTransformMatrix {
      0.678362,0.250024,0.690878,0.000000,-0.158058,0.967963,-0.195104,0.000000,-0.717525,0.023152,0.696148,0.000000,63.240659,0.000000,0.000000,1.000000;;
     }

     Frame Toe_Right {
      

      FrameTransformMatrix {
       0.993487,-0.041525,0.106107,0.000000,0.034738,0.997279,0.065026,0.000000,-0.108519,-0.060916,0.992226,0.000000,28.971091,0.000015,0.000000,1.000000;;
      }
     }
    }
   }
  }
 }

 Frame Tail01 {
  

  FrameTransformMatrix {
   -0.770703,0.000000,-0.637194,0.000000,-0.000000,-1.000000,-0.000000,0.000000,-0.637194,0.000000,0.770703,0.000000,-67.266861,0.000000,-74.626432,1.000000;;
  }

  Frame Tail02 {
   

   FrameTransformMatrix {
    0.967156,-0.000000,0.254183,0.000000,0.000000,1.000000,-0.000000,0.000000,-0.254183,0.000000,0.967156,0.000000,116.233779,-0.000000,0.000000,1.000000;;
   }

   Frame Tail03 {
    

    FrameTransformMatrix {
     0.966082,-0.000000,0.258235,0.000000,0.000000,1.000000,0.000000,0.000000,-0.258235,-0.000000,0.966082,0.000000,113.724467,-0.000000,0.000046,1.000000;;
    }

    Frame TailEnd {
     

     FrameTransformMatrix {
      0.996376,0.000000,0.085057,0.000000,0.000000,1.000000,-0.000000,0.000000,-0.085057,-0.000000,0.996376,0.000000,132.384128,-0.000000,0.000000,1.000000;;
     }
    }
   }
  }
 }
}

AnimTicksPerSecond  {
 4800;
}

AnimationSet Anim1 {
 

 Animation {
  
  { Root_Pelvis }

  AnimationKey  {
   4;
   31;
   0;16;-0.000000,-0.034403,-0.392195,0.000000,-0.393701,-0.000000,0.000000,0.000000,-0.000000,0.392195,-0.034403,0.000000,0.000000,91.219162,52.933776,1.000000;;,
   160;16;-0.000000,-0.037657,-0.391896,0.000000,-0.393701,-0.000000,0.000000,0.000000,-0.000000,0.391896,-0.037657,0.000000,-0.105158,91.238765,53.412093,1.000000;;,
   320;16;-0.000000,-0.046474,-0.390948,0.000000,-0.393701,-0.000000,0.000000,0.000000,-0.000000,0.390948,-0.046474,0.000000,-0.390588,91.296205,54.710387,1.000000;;,
   480;16;-0.000000,-0.059423,-0.389190,0.000000,-0.393701,-0.000000,0.000000,0.000000,-0.000000,0.389190,-0.059423,0.000000,-0.811221,91.389395,56.623654,1.000000;;,
   640;16;-0.000000,-0.075058,-0.386480,0.000000,-0.393701,-0.000000,0.000000,0.000000,-0.000000,0.386480,-0.075058,0.000000,-1.321990,91.516288,58.946918,1.000000;;,
   800;16;-0.000000,-0.091933,-0.382817,0.000000,-0.393701,-0.000000,0.000000,0.000000,-0.000000,0.382817,-0.091933,0.000000,-1.877826,91.674797,61.475168,1.000000;;,
   960;16;-0.000000,-0.108631,-0.378417,0.000000,-0.393701,-0.000000,0.000000,0.000000,-0.000000,0.378417,-0.108631,0.000000,-2.433663,91.862854,64.003418,1.000000;;,
   1120;16;-0.000000,-0.123792,-0.373732,0.000000,-0.393701,-0.000000,0.000000,0.000000,-0.000000,0.373732,-0.123792,0.000000,-2.944432,92.078387,66.326675,1.000000;;,
   1280;16;-0.000000,-0.136128,-0.369418,0.000000,-0.393701,-0.000000,0.000000,0.000000,-0.000000,0.369418,-0.136128,0.000000,-3.365065,92.319328,68.239955,1.000000;;,
   1440;16;-0.000000,-0.144413,-0.366258,0.000000,-0.393701,-0.000000,0.000000,0.000000,-0.000000,0.366258,-0.144413,0.000000,-3.650495,92.583603,69.538246,1.000000;;,
   1600;16;-0.000000,-0.147448,-0.365047,0.000000,-0.393701,-0.000000,0.000000,0.000000,-0.000000,0.365047,-0.147448,0.000000,-3.755653,92.869139,70.016563,1.000000;;,
   1760;16;-0.000000,-0.147448,-0.365047,0.000000,-0.393701,-0.000000,0.000000,0.000000,-0.000000,0.365047,-0.147448,0.000000,-3.547614,93.273088,66.980141,1.000000;;,
   1920;16;-0.000000,-0.147448,-0.365047,0.000000,-0.393701,-0.000000,0.000000,0.000000,-0.000000,0.365047,-0.147448,0.000000,-3.011092,93.839398,59.149370,1.000000;;,
   2080;16;-0.000000,-0.147448,-0.365047,0.000000,-0.393701,-0.000000,0.000000,0.000000,-0.000000,0.365047,-0.147448,0.000000,-2.277480,94.486266,48.442000,1.000000;;,
   2240;16;-0.000000,-0.147448,-0.365047,0.000000,-0.393701,-0.000000,0.000000,0.000000,-0.000000,0.365047,-0.147448,0.000000,-1.478172,95.131827,36.775754,1.000000;;,
   2400;16;-0.000000,-0.147448,-0.365047,0.000000,-0.393701,-0.000000,0.000000,0.000000,-0.000000,0.365047,-0.147448,0.000000,-0.744561,95.694253,26.068381,1.000000;;,
   2560;16;-0.000000,-0.147448,-0.365047,0.000000,-0.393701,-0.000000,0.000000,0.000000,-0.000000,0.365047,-0.147448,0.000000,-0.208039,96.091731,18.237608,1.000000;;,
   2720;16;-0.000000,-0.147448,-0.365047,0.000000,-0.393701,-0.000000,0.000000,0.000000,-0.000000,0.365047,-0.147448,0.000000,0.000000,96.242394,15.201194,1.000000;;,
   2880;16;-0.000000,-0.145624,-0.365779,0.000000,-0.393701,-0.000000,0.000000,0.000000,-0.000000,0.365779,-0.145624,0.000000,0.000000,96.157798,15.836654,1.000000;;,
   3040;16;-0.000000,-0.140528,-0.367767,0.000000,-0.393701,-0.000000,0.000000,0.000000,-0.000000,0.367767,-0.140528,0.000000,0.000000,95.922304,17.605638,1.000000;;,
   3200;16;-0.000000,-0.132707,-0.370660,0.000000,-0.393701,-0.000000,0.000000,0.000000,-0.000000,0.370660,-0.132707,0.000000,0.000000,95.563334,20.302051,1.000000;;,
   3360;16;-0.000000,-0.122710,-0.374089,0.000000,-0.393701,-0.000000,0.000000,0.000000,-0.000000,0.374089,-0.122710,0.000000,0.000000,95.108339,23.719792,1.000000;;,
   3520;16;-0.000000,-0.111097,-0.377701,0.000000,-0.393701,-0.000000,0.000000,0.000000,-0.000000,0.377701,-0.111097,0.000000,0.000000,94.584755,27.652774,1.000000;;,
   3680;16;-0.000000,-0.098452,-0.381192,0.000000,-0.393701,-0.000000,0.000000,0.000000,-0.000000,0.381192,-0.098452,0.000000,0.000000,94.020013,31.894896,1.000000;;,
   3840;16;-0.000000,-0.085387,-0.384330,0.000000,-0.393701,-0.000000,0.000000,0.000000,-0.000000,0.384330,-0.085387,0.000000,0.000000,93.441542,36.240074,1.000000;;,
   4000;16;-0.000000,-0.072536,-0.386961,0.000000,-0.393701,-0.000000,0.000000,0.000000,-0.000000,0.386961,-0.072536,0.000000,0.000000,92.876800,40.482192,1.000000;;,
   4160;16;-0.000000,-0.060549,-0.389017,0.000000,-0.393701,-0.000000,0.000000,0.000000,-0.000000,0.389017,-0.060549,0.000000,0.000000,92.353216,44.415181,1.000000;;,
   4320;16;-0.000000,-0.050085,-0.390502,0.000000,-0.393701,-0.000000,0.000000,0.000000,-0.000000,0.390502,-0.050085,0.000000,0.000000,91.898221,47.832922,1.000000;;,
   4480;16;-0.000000,-0.041804,-0.391475,0.000000,-0.393701,-0.000000,0.000000,0.000000,-0.000000,0.391475,-0.041804,0.000000,0.000000,91.539251,50.529334,1.000000;;,
   4640;16;-0.000000,-0.036360,-0.392018,0.000000,-0.393701,-0.000000,0.000000,0.000000,-0.000000,0.392018,-0.036360,0.000000,0.000000,91.303757,52.298317,1.000000;;,
   4800;16;-0.000000,-0.034403,-0.392195,0.000000,-0.393701,-0.000000,0.000000,0.000000,-0.000000,0.392195,-0.034403,0.000000,0.000000,91.219162,52.933776,1.000000;;;
  }
 }

 Animation {
  
  { Spine }

  AnimationKey  {
   4;
   31;
   0;16;0.859841,-0.000000,0.510562,0.000000,0.000000,1.000000,0.000000,0.000000,-0.510562,-0.000000,0.859841,0.000000,126.060595,0.000000,0.000000,1.000000;;,
   160;16;0.860698,0.002930,0.509107,0.000000,-0.001801,0.999995,-0.002709,0.000000,-0.509113,0.001415,0.860699,0.000000,126.060608,-0.000000,0.000015,1.000000;;,
   320;16;0.863022,0.010938,0.505049,0.000000,-0.006741,0.999926,-0.010137,0.000000,-0.505122,0.005344,0.863031,0.000000,126.060608,0.000000,0.000000,1.000000;;,
   480;16;0.866421,0.022832,0.498791,0.000000,-0.014121,0.999675,-0.021231,0.000000,-0.499114,0.011352,0.866462,0.000000,126.060608,0.000000,0.000015,1.000000;;,
   640;16;0.870504,0.037412,0.490738,0.000000,-0.023243,0.999119,-0.034938,0.000000,-0.491613,0.019007,0.870607,0.000000,126.060595,0.000000,0.000015,1.000000;;,
   800;16;0.874896,0.053490,0.481348,0.000000,-0.033410,0.998180,-0.050197,0.000000,-0.483157,0.027835,0.875091,0.000000,126.060621,0.000000,0.000031,1.000000;;,
   960;16;0.879261,0.069913,0.471181,0.000000,-0.043923,0.996856,-0.065949,0.000000,-0.474310,0.037291,0.879568,0.000000,126.060621,0.000000,0.000015,1.000000;;,
   1120;16;0.883308,0.085579,0.460915,0.000000,-0.054083,0.995234,-0.081140,0.000000,-0.465662,0.046744,0.883727,0.000000,126.060595,-0.000000,-0.000015,1.000000;;,
   1280;16;0.886792,0.099444,0.451343,0.000000,-0.063196,0.993495,-0.094730,0.000000,-0.457828,0.055483,0.887308,0.000000,126.060595,0.000000,0.000015,1.000000;;,
   1440;16;0.889507,0.110522,0.443353,0.000000,-0.070564,0.991892,-0.105692,0.000000,-0.451439,0.062729,0.890094,0.000000,126.060608,0.000000,0.000015,1.000000;;,
   1600;16;0.891273,0.117865,0.437882,0.000000,-0.075494,0.990722,-0.113011,0.000000,-0.447139,0.067666,0.891901,0.000000,126.060582,0.000000,-0.000015,1.000000;;,
   1760;16;0.891906,0.120528,0.435862,0.000000,-0.077292,0.990275,-0.115676,0.000000,-0.445565,0.069484,0.892549,0.000000,126.060595,0.000000,0.000000,1.000000;;,
   1920;16;0.889966,0.096556,0.445688,0.000000,-0.056886,0.993200,-0.101580,0.000000,-0.452466,0.065049,0.889406,0.000000,126.746342,0.000000,0.273010,1.000000;;,
   2080;16;0.883220,0.036032,0.467573,0.000000,-0.005791,0.997806,-0.065954,0.000000,-0.468924,0.055544,0.881490,0.000000,128.460723,0.000000,0.955551,1.000000;;,
   2240;16;0.870484,-0.043424,0.490277,0.000000,0.060624,0.997975,-0.019247,0.000000,-0.488448,0.046477,0.871354,0.000000,130.689421,0.000000,1.842834,1.000000;;,
   2400;16;0.853404,-0.123030,0.506522,0.000000,0.126766,0.991558,0.027261,0.000000,-0.505600,0.040945,0.861796,0.000000,132.918118,0.000000,2.730118,1.000000;;,
   2560;16;0.837419,-0.183884,0.514700,0.000000,0.177279,0.982176,0.062464,0.000000,-0.517012,0.038937,0.855092,0.000000,134.632461,0.000000,3.412644,1.000000;;,
   2720;16;0.830354,-0.208048,0.516941,0.000000,0.197362,0.977355,0.076327,0.000000,-0.521114,0.038646,0.852611,0.000000,135.318234,0.000000,3.685669,1.000000;;,
   2880;16;0.831139,-0.204612,0.517051,0.000000,0.194081,0.978107,0.075088,0.000000,-0.521095,0.037941,0.852655,0.000000,135.162291,0.000000,3.623581,1.000000;;,
   3040;16;0.833273,-0.195030,0.517319,0.000000,0.184936,0.980137,0.071626,0.000000,-0.521013,0.035987,0.852790,0.000000,134.728307,-0.000000,3.450806,1.000000;;,
   3200;16;0.836382,-0.180378,0.517619,0.000000,0.170967,0.983042,0.066315,0.000000,-0.520803,0.033031,0.853037,0.000000,134.066739,0.000000,3.187424,1.000000;;,
   3360;16;0.840069,-0.161733,0.517809,0.000000,0.153210,0.986399,0.059531,0.000000,-0.520395,0.029323,0.853422,0.000000,133.228198,0.000000,2.853561,1.000000;;,
   3520;16;0.843961,-0.140183,0.517763,0.000000,0.132716,0.989807,0.051659,0.000000,-0.519727,0.025117,0.853963,0.000000,132.263258,-0.000000,2.469406,1.000000;;,
   3680;16;0.847734,-0.116839,0.517393,0.000000,0.110547,0.992936,0.043099,0.000000,-0.518774,0.020660,0.854662,0.000000,131.222464,0.000000,2.055038,1.000000;;,
   3840;16;0.851139,-0.092834,0.516667,0.000000,0.087783,0.995550,0.034270,0.000000,-0.517549,0.016186,0.855500,0.000000,130.156390,-0.000000,1.630615,1.000000;;,
   4000;16;0.854011,-0.069322,0.515616,0.000000,0.065513,0.997523,0.025602,0.000000,-0.516113,0.011915,0.856437,0.000000,129.115558,0.000000,1.216232,1.000000;;,
   4160;16;0.856273,-0.047466,0.514338,0.000000,0.044837,0.998840,0.017534,0.000000,-0.514573,0.008048,0.857408,0.000000,128.150630,0.000000,0.832062,1.000000;;,
   4320;16;0.857924,-0.028440,0.512989,0.000000,0.026854,0.999584,0.010505,0.000000,-0.513074,0.004763,0.858331,0.000000,127.312077,0.000000,0.498261,1.000000;;,
   4480;16;0.859019,-0.013411,0.511768,0.000000,0.012660,0.999908,0.004953,0.000000,-0.511787,0.002224,0.859110,0.000000,126.650522,0.000000,0.234848,1.000000;;,
   4640;16;0.859638,-0.003545,0.510891,0.000000,0.003346,0.999993,0.001309,0.000000,-0.510893,0.000584,0.859644,0.000000,126.216525,0.000000,0.062057,1.000000;;,
   4800;16;0.859841,-0.000000,0.510562,0.000000,0.000000,1.000000,0.000000,0.000000,-0.510562,-0.000000,0.859841,0.000000,126.060595,0.000000,0.000000,1.000000;;;
  }
 }

 Animation {
  
  { Chest }

  AnimationKey  {
   4;
   31;
   0;16;0.998870,0.000000,-0.047531,0.000000,0.000000,1.000000,0.000000,0.000000,0.047531,0.000000,0.998870,0.000000,96.567731,0.000000,-0.000015,1.000000;;,
   160;16;0.998960,0.000284,-0.045590,0.000000,-0.000338,1.000000,-0.001185,0.000000,0.045589,0.001199,0.998960,0.000000,96.567744,0.000000,-0.000015,1.000000;;,
   320;16;0.999196,0.001099,-0.040076,0.000000,-0.001280,0.999989,-0.004483,0.000000,0.040070,0.004531,0.999187,0.000000,96.567718,0.000000,0.000015,1.000000;;,
   480;16;0.999502,0.002414,-0.031458,0.000000,-0.002715,0.999951,-0.009511,0.000000,0.031434,0.009591,0.999460,0.000000,96.567731,-0.000000,-0.000015,1.000000;;,
   640;16;0.999787,0.004212,-0.020206,0.000000,-0.004533,0.999864,-0.015883,0.000000,0.020137,0.015971,0.999670,0.000000,96.567725,-0.000000,0.000000,1.000000;;,
   800;16;0.999956,0.006470,-0.006792,0.000000,-0.006626,0.999709,-0.023215,0.000000,0.006640,0.023259,0.999707,0.000000,96.567731,0.000000,0.000015,1.000000;;,
   960;16;0.999924,0.009145,0.008310,0.000000,-0.008882,0.999476,-0.031121,0.000000,-0.008590,0.031045,0.999481,0.000000,96.567750,0.000000,0.000015,1.000000;;,
   1120;16;0.999623,0.012164,0.024623,0.000000,-0.011192,0.999168,-0.039218,0.000000,-0.025079,0.038928,0.998927,0.000000,96.567731,0.000001,0.000000,1.000000;;,
   1280;16;0.999013,0.015415,0.041671,0.000000,-0.013446,0.998799,-0.047120,0.000000,-0.042348,0.046513,0.998020,0.000000,96.567731,-0.000001,0.000000,1.000000;;,
   1440;16;0.998083,0.018746,0.058982,0.000000,-0.015535,0.998396,-0.054443,0.000000,-0.059908,0.053423,0.996773,0.000000,96.567731,0.000003,0.000000,1.000000;;,
   1600;16;0.996859,0.021964,0.076087,0.000000,-0.017349,0.997999,-0.060805,0.000000,-0.077270,0.059294,0.995245,0.000000,96.567718,0.000001,0.000000,1.000000;;,
   1760;16;0.995401,0.024841,0.092525,0.000000,-0.018779,0.997655,-0.065822,0.000000,-0.093943,0.063782,0.993532,0.000000,96.567744,0.000000,-0.000015,1.000000;;,
   1920;16;0.993798,0.027117,0.107841,0.000000,-0.019716,0.997414,-0.069112,0.000000,-0.109436,0.066557,0.991763,0.000000,96.567731,0.000001,0.000000,1.000000;;,
   2080;16;0.992171,0.028519,0.121588,0.000000,-0.020053,0.997325,-0.070294,0.000000,-0.123268,0.067305,0.990088,0.000000,96.567725,-0.000001,0.000015,1.000000;;,
   2240;16;0.990414,0.022620,0.136266,0.000000,-0.015764,0.998565,-0.051181,0.000000,-0.137229,0.048543,0.989349,0.000000,97.623526,-0.021054,-0.234818,1.000000;;,
   2400;16;0.988208,0.005458,0.153019,0.000000,-0.005008,0.999982,-0.003330,0.000000,-0.153034,0.002524,0.988218,0.000000,100.262982,-0.073689,-0.821869,1.000000;;,
   2560;16;0.985396,-0.018839,0.169232,0.000000,0.008974,0.998226,0.058873,0.000000,-0.170041,-0.056494,0.983816,0.000000,103.694291,-0.142108,-1.584992,1.000000;;,
   2720;16;0.982176,-0.044835,0.182538,0.000000,0.022844,0.992410,0.120837,0.000000,-0.186570,-0.114513,0.975745,0.000000,107.125574,-0.210535,-2.348114,1.000000;;,
   2880;16;0.979331,-0.065816,0.191256,0.000000,0.033365,0.985192,0.168182,0.000000,-0.199492,-0.158324,0.967024,0.000000,109.765043,-0.263166,-2.935165,1.000000;;,
   3040;16;0.978102,-0.074417,0.194366,0.000000,0.037524,0.981641,0.187013,0.000000,-0.204715,-0.175625,0.962937,0.000000,110.820851,-0.284220,-3.169998,1.000000;;,
   3200;16;0.979362,-0.071699,0.188968,0.000000,0.036674,0.982483,0.182709,0.000000,-0.198758,-0.172009,0.964836,0.000000,110.488845,-0.277605,-3.096146,1.000000;;,
   3360;16;0.982619,-0.064473,0.174075,0.000000,0.034335,0.984692,0.170891,0.000000,-0.182428,-0.161944,0.969791,0.000000,109.578598,-0.259458,-2.893692,1.000000;;,
   3520;16;0.986950,-0.054305,0.151591,0.000000,0.030819,0.987717,0.153184,0.000000,-0.158048,-0.146513,0.976501,0.000000,108.218637,-0.232331,-2.591232,1.000000;;,
   3680;16;0.991427,-0.042798,0.123457,0.000000,0.026439,0.991000,0.131225,0.000000,-0.127962,-0.126836,0.983635,0.000000,106.537414,-0.198805,-2.217316,1.000000;;,
   3840;16;0.995289,-0.031390,0.091733,0.000000,0.021520,0.994062,0.106668,0.000000,-0.094537,-0.104192,0.990054,0.000000,104.663405,-0.161437,-1.800537,1.000000;;,
   4000;16;0.998056,-0.021200,0.058611,0.000000,0.016399,0.996563,0.081198,0.000000,-0.060131,-0.080079,0.994973,0.000000,102.725146,-0.122786,-1.369461,1.000000;;,
   4160;16;0.999568,-0.012932,0.026383,0.000000,0.011424,0.998336,0.056519,0.000000,-0.027070,-0.056193,0.998053,0.000000,100.851149,-0.085416,-0.952637,1.000000;;,
   4320;16;0.999973,-0.006860,-0.002624,0.000000,0.006946,0.999386,0.034348,0.000000,0.002387,-0.034365,0.999407,0.000000,99.169914,-0.051891,-0.578751,1.000000;;,
   4480;16;0.999655,-0.002888,-0.026105,0.000000,0.003317,0.999860,0.016399,0.000000,0.026054,-0.016480,0.999525,0.000000,97.809920,-0.024770,-0.276276,1.000000;;,
   4640;16;0.999126,-0.000702,-0.041809,0.000000,0.000886,0.999990,0.004383,0.000000,0.041805,-0.004416,0.999116,0.000000,96.899706,-0.006620,-0.073837,1.000000;;,
   4800;16;0.998870,0.000000,-0.047531,0.000000,0.000000,1.000000,0.000000,0.000000,0.047531,0.000000,0.998870,0.000000,96.567731,0.000000,-0.000015,1.000000;;;
  }
 }

 Animation {
  
  { Neck }

  AnimationKey  {
   4;
   31;
   0;16;0.803122,0.000000,0.595814,0.000000,0.000000,1.000000,-0.000000,0.000000,-0.595814,-0.000000,0.803122,0.000000,70.586150,0.000000,-0.000015,1.000000;;,
   160;16;0.804944,0.005470,0.593325,0.000000,-0.002900,0.999982,-0.005285,0.000000,-0.593343,0.002533,0.804945,0.000000,70.586138,0.000000,-0.000015,1.000000;;,
   320;16;0.810051,0.020611,0.585997,0.000000,-0.010973,0.999740,-0.019994,0.000000,-0.586257,0.009766,0.810066,0.000000,70.586150,0.000000,-0.000031,1.000000;;,
   480;16;0.817796,0.043417,0.573868,0.000000,-0.023273,0.998830,-0.042403,0.000000,-0.575037,0.021321,0.817849,0.000000,70.586150,0.000000,-0.000031,1.000000;;,
   640;16;0.827472,0.071783,0.556901,0.000000,-0.038844,0.996737,-0.070761,0.000000,-0.560163,0.036920,0.827560,0.000000,70.586163,-0.000000,-0.000015,1.000000;;,
   800;16;0.838387,0.103553,0.535149,0.000000,-0.056720,0.993032,-0.103295,0.000000,-0.542117,0.056247,0.838419,0.000000,70.586144,-0.000001,-0.000031,1.000000;;,
   960;16;0.849937,0.136575,0.508876,0.000000,-0.075928,0.987488,-0.138212,0.000000,-0.521385,0.078834,0.849672,0.000000,70.586150,0.000001,-0.000031,1.000000;;,
   1120;16;0.861643,0.168786,0.478626,0.000000,-0.095497,0.980152,-0.173730,0.000000,-0.498449,0.103986,0.860660,0.000000,70.586150,0.000000,0.000000,1.000000;;,
   1280;16;0.873179,0.198285,0.445244,0.000000,-0.114473,0.971385,-0.208103,0.000000,-0.473767,0.130743,0.870891,0.000000,70.586163,-0.000001,0.000000,1.000000;;,
   1440;16;0.884366,0.223419,0.409854,0.000000,-0.131930,0.961853,-0.239651,0.000000,-0.447762,0.157867,0.880106,0.000000,70.586138,0.000000,0.000000,1.000000;;,
   1600;16;0.895164,0.242827,0.373788,0.000000,-0.146979,0.952484,-0.266779,0.000000,-0.420808,0.183872,0.888319,0.000000,70.586150,-0.000004,-0.000015,1.000000;;,
   1760;16;0.905630,0.255462,0.338488,0.000000,-0.158762,0.944387,-0.287972,0.000000,-0.393229,0.207057,0.895823,0.000000,70.586163,-0.000002,-0.000031,1.000000;;,
   1920;16;0.915883,0.260565,0.305392,0.000000,-0.166446,0.938740,-0.301768,0.000000,-0.365314,0.225553,0.903146,0.000000,70.586144,0.000000,0.000000,1.000000;;,
   2080;16;0.926051,0.257597,0.275812,0.000000,-0.169198,0.936646,-0.306702,0.000000,-0.337344,0.237355,0.910968,0.000000,70.586150,0.000000,-0.000015,1.000000;;,
   2240;16;0.947237,0.196267,0.253419,0.000000,-0.137386,0.962910,-0.232225,0.000000,-0.289598,0.185156,0.939069,0.000000,70.586163,-0.000001,0.000000,1.000000;;,
   2400;16;0.973033,0.068089,0.220388,0.000000,-0.058789,0.997092,-0.048496,0.000000,-0.223049,0.034232,0.974206,0.000000,70.586150,0.000000,-0.000015,1.000000;;,
   2560;16;0.984987,-0.064679,0.160056,0.000000,0.036450,0.984178,0.173393,0.000000,-0.168739,-0.164956,0.971760,0.000000,70.586150,0.000004,-0.000015,1.000000;;,
   2720;16;0.983395,-0.155901,0.092895,0.000000,0.113970,0.928883,0.352401,0.000000,-0.141228,-0.335962,0.931227,0.000000,70.586150,0.000000,-0.000015,1.000000;;,
   2880;16;0.980096,-0.188950,0.060901,0.000000,0.146085,0.894164,0.423237,0.000000,-0.134426,-0.405916,0.903970,0.000000,70.586150,0.000004,-0.000038,1.000000;;,
   3040;16;0.978986,-0.191065,0.071279,0.000000,0.145108,0.898262,0.414811,0.000000,-0.143283,-0.395751,0.907111,0.000000,70.586150,-0.000008,-0.000008,1.000000;;,
   3200;16;0.975934,-0.192947,0.101606,0.000000,0.138841,0.909098,0.392765,0.000000,-0.168153,-0.369206,0.914009,0.000000,70.586182,0.000004,-0.000023,1.000000;;,
   3360;16;0.970105,-0.192131,0.148261,0.000000,0.128135,0.924335,0.359425,0.000000,-0.206099,-0.329683,0.921321,0.000000,70.586150,0.000004,0.000000,1.000000;;,
   3520;16;0.960451,-0.185953,0.207256,0.000000,0.113852,0.941520,0.317140,0.000000,-0.254109,-0.281001,0.925455,0.000000,70.586150,-0.000004,-0.000015,1.000000;;,
   3680;16;0.946124,-0.172448,0.274065,0.000000,0.096927,0.958407,0.268441,0.000000,-0.308958,-0.227414,0.923487,0.000000,70.586163,0.000004,-0.000015,1.000000;;,
   3840;16;0.926837,-0.150999,0.343763,0.000000,0.078403,0.973218,0.216102,0.000000,-0.367188,-0.173339,0.913853,0.000000,70.586150,-0.000002,0.000000,1.000000;;,
   4000;16;0.903153,-0.122643,0.411428,0.000000,0.059419,0.984814,0.163131,0.000000,-0.425186,-0.122885,0.896725,0.000000,70.586150,0.000000,0.000000,1.000000;;,
   4160;16;0.876645,-0.090010,0.472643,0.000000,0.041179,0.992777,0.112688,0.000000,-0.479372,-0.079324,0.874019,0.000000,70.586150,-0.000001,-0.000015,1.000000;;,
   4320;16;0.849880,-0.056945,0.523891,0.000000,0.024914,0.997375,0.067995,0.000000,-0.526388,-0.044736,0.849067,0.000000,70.586150,0.000001,-0.000015,1.000000;;,
   4480;16;0.826216,-0.027944,0.562660,0.000000,0.011842,0.999410,0.032247,0.000000,-0.563229,-0.019980,0.826059,0.000000,70.586163,0.000000,0.000000,1.000000;;,
   4640;16;0.809420,-0.007580,0.587181,0.000000,0.003151,0.999958,0.008565,0.000000,-0.587222,-0.005082,0.809410,0.000000,70.586150,0.000000,-0.000031,1.000000;;,
   4800;16;0.803122,0.000000,0.595814,0.000000,0.000000,1.000000,-0.000000,0.000000,-0.595814,-0.000000,0.803122,0.000000,70.586150,0.000000,-0.000015,1.000000;;;
  }
 }

 Animation {
  
  { Head }

  AnimationKey  {
   4;
   31;
   0;16;0.603181,-0.000000,-0.797604,0.000000,0.000000,1.000000,-0.000000,0.000000,0.797604,0.000000,0.603181,0.000000,86.905030,0.000000,0.000015,1.000000;;,
   160;16;0.604088,0.001906,-0.796915,0.000000,-0.001870,0.999998,0.000974,0.000000,0.796915,0.000902,0.604091,0.000000,86.904998,0.000000,0.000008,1.000000;;,
   320;16;0.606583,0.007221,-0.794987,0.000000,-0.007077,0.999968,0.003684,0.000000,0.794989,0.003392,0.606615,0.000000,86.904998,0.000002,0.000038,1.000000;;,
   480;16;0.610297,0.015354,-0.792024,0.000000,-0.015012,0.999857,0.007815,0.000000,0.792030,0.007121,0.610441,0.000000,86.904998,0.000004,-0.000008,1.000000;;,
   640;16;0.614851,0.025710,-0.788224,0.000000,-0.025068,0.999600,0.013051,0.000000,0.788245,0.011734,0.615250,0.000000,86.905030,0.000000,0.000000,1.000000;;,
   800;16;0.619877,0.037692,-0.783793,0.000000,-0.036632,0.999147,0.019077,0.000000,0.783843,0.016886,0.620729,0.000000,86.905030,0.000000,0.000008,1.000000;;,
   960;16;0.625041,0.050688,-0.778944,0.000000,-0.049095,0.998466,0.025579,0.000000,0.779047,0.022254,0.626571,0.000000,86.905030,-0.000004,0.000023,1.000000;;,
   1120;16;0.630054,0.064071,-0.773904,0.000000,-0.061843,0.997565,0.032239,0.000000,0.774085,0.027548,0.632482,0.000000,86.905011,-0.000008,0.000000,1.000000;;,
   1280;16;0.634677,0.077199,-0.768912,0.000000,-0.074270,0.996485,0.038744,0.000000,0.769200,0.032517,0.638180,0.000000,86.905043,0.000000,0.000000,1.000000;;,
   1440;16;0.638725,0.089422,-0.764221,0.000000,-0.085770,0.995308,0.044776,0.000000,0.764640,0.036948,0.643398,0.000000,86.904998,0.000000,0.000008,1.000000;;,
   1600;16;0.642056,0.100079,-0.760097,0.000000,-0.095745,0.994148,0.050020,0.000000,0.760656,0.040660,0.647881,0.000000,86.905030,0.000000,0.000000,1.000000;;,
   1760;16;0.644562,0.108508,-0.756813,0.000000,-0.103600,0.993143,0.054158,0.000000,0.757500,0.043498,0.651384,0.000000,86.905030,0.000000,-0.000008,1.000000;;,
   1920;16;0.646148,0.114048,-0.754643,0.000000,-0.108747,0.992441,0.056874,0.000000,0.755425,0.045316,0.653666,0.000000,86.905043,-0.000008,0.000015,1.000000;;,
   2080;16;0.646706,0.116039,-0.753861,0.000000,-0.110594,0.992181,0.057849,0.000000,0.754679,0.045961,0.654482,0.000000,86.905043,0.000008,0.000008,1.000000;;,
   2240;16;0.642657,0.085729,-0.761343,0.000000,-0.082077,0.995705,0.042837,0.000000,0.761745,0.034959,0.646933,0.000000,86.905030,0.000008,0.000008,1.000000;;,
   2400;16;0.627161,0.029734,-0.778322,0.000000,-0.028785,0.999473,0.014988,0.000000,0.778358,0.013004,0.627686,0.000000,86.905062,-0.000002,0.000023,1.000000;;,
   2560;16;0.603181,-0.000000,-0.797604,0.000000,0.000000,1.000000,0.000000,0.000000,0.797604,-0.000000,0.603181,0.000000,86.904998,-0.000004,0.000008,1.000000;;,
   2720;16;0.566738,0.038381,-0.823004,0.000000,-0.034942,0.999135,0.022533,0.000000,0.823157,0.015987,0.567589,0.000000,86.905062,0.000000,0.000000,1.000000;;,
   2880;16;0.518791,0.106975,-0.848182,0.000000,-0.099498,0.992953,0.064376,0.000000,0.849091,0.050995,0.525779,0.000000,86.905062,0.000000,0.000015,1.000000;;,
   3040;16;0.492506,0.142383,-0.858583,0.000000,-0.133899,0.987177,0.086900,0.000000,0.859947,0.072165,0.505256,0.000000,86.905030,-0.000015,-0.000008,1.000000;;,
   3200;16;0.495479,0.139296,-0.857378,0.000000,-0.130823,0.987766,0.084877,0.000000,0.858712,0.070110,0.507640,0.000000,86.904998,-0.000015,0.000015,1.000000;;,
   3360;16;0.503538,0.130765,-0.854020,0.000000,-0.122372,0.989309,0.079329,0.000000,0.855263,0.064563,0.514156,0.000000,86.905030,-0.000015,0.000015,1.000000;;,
   3520;16;0.515322,0.117847,-0.848856,0.000000,-0.109708,0.991422,0.071039,0.000000,0.849946,0.056518,0.523830,0.000000,86.905062,0.000000,0.000031,1.000000;;,
   3680;16;0.529458,0.101604,-0.842230,0.000000,-0.093994,0.993715,0.060790,0.000000,0.843113,0.046979,0.535681,0.000000,86.905030,-0.000008,0.000015,1.000000;;,
