xof 0303txt 0032
template Frame {
 <3d82ab46-62da-11cf-ab39-0020af71e433>
 [...]
}

template Matrix4x4 {
 <f6f23f45-7686-11cf-8f52-0040333594a3>
 array FLOAT matrix[16];
}

template FrameTransformMatrix {
 <f6f23f41-7686-11cf-8f52-0040333594a3>
 Matrix4x4 frameMatrix;
}

template AnimTicksPerSecond {
 <9e415a43-7ba6-4a73-8743-b73d47e88476>
 DWORD AnimTicksPerSecond;
}

template Animation {
 <3d82ab4f-62da-11cf-ab39-0020af71e433>
 [...]
}

template AnimationSet {
 <3d82ab50-62da-11cf-ab39-0020af71e433>
 [Animation <3d82ab4f-62da-11cf-ab39-0020af71e433>]
}

template FloatKeys {
 <10dd46a9-775b-11cf-8f52-0040333594a3>
 DWORD nValues;
 array FLOAT values[nValues];
}

template TimedFloatKeys {
 <f406b180-7b3b-11cf-8f52-0040333594a3>
 DWORD time;
 FloatKeys tfkeys;
}

template AnimationKey {
 <10dd46a8-775b-11cf-8f52-0040333594a3>
 DWORD keyType;
 DWORD nKeys;
 array TimedFloatKeys keys[nKeys];
}


Frame Root_Pelvis {
 

 FrameTransformMatrix {
  -0.000000,-0.034403,-0.392195,0.000000,-0.393701,-0.000000,0.000000,0.000000,-0.000000,0.392195,-0.034403,0.000000,0.000000,91.219162,52.933776,1.000000;;
 }

 Frame Spine {
  

  FrameTransformMatrix {
   0.859841,-0.000000,0.510562,0.000000,0.000000,1.000000,0.000000,0.000000,-0.510562,-0.000000,0.859841,0.000000,126.060595,0.000000,0.000000,1.000000;;
  }

  Frame Chest {
   

   FrameTransformMatrix {
    0.998870,0.000000,-0.047531,0.000000,0.000000,1.000000,0.000000,0.000000,0.047531,0.000000,0.998870,0.000000,96.567731,0.000000,-0.000015,1.000000;;
   }

   Frame Neck {
    

    FrameTransformMatrix {
     0.803122,0.000000,0.595814,0.000000,0.000000,1.000000,-0.000000,0.000000,-0.595814,-0.000000,0.803122,0.000000,70.586138,0.000000,-0.000015,1.000000;;
    }

    Frame Head {
     

     FrameTransformMatrix {
      0.603181,-0.000000,-0.797604,0.000000,0.000000,1.000000,-0.000000,0.000000,0.797604,0.000000,0.603181,0.000000,86.905030,0.000000,0.000015,1.000000;;
     }

     Frame UpperMouth {
      

      FrameTransformMatrix {
       -0.000000,-1.000000,0.000000,0.000000,0.993307,-0.000000,-0.115501,0.000000,0.115501,-0.000000,0.993307,0.000000,95.674042,-0.000000,-6.093201,1.000000;;
      }
     }

     Frame Jaw {
      

      FrameTransformMatrix {
       0.890045,0.000000,-0.455874,0.000000,0.000000,1.000000,0.000000,0.000000,0.455874,0.000000,0.890045,0.000000,41.192352,0.000000,-23.123779,1.000000;;
      }

      Frame JawTip {
       

       FrameTransformMatrix {
        -0.000000,-1.000000,0.000000,0.000000,0.899981,-0.000000,0.435928,0.000000,-0.435928,0.000000,0.899981,0.000000,57.773370,-0.000000,35.099670,1.000000;;
       }
      }
     }

     Frame Eye_Left {
      

      FrameTransformMatrix {
       -0.000000,-1.000000,0.000000,0.000000,0.993307,-0.000000,-0.115501,0.000000,0.115501,-0.000000,0.993307,0.000000,86.658963,-31.675533,9.583802,1.000000;;
      }
     }

     Frame Eye_Right {
      

      FrameTransformMatrix {
       -0.000000,-1.000000,0.000000,0.000000,-0.993307,0.000000,0.115501,0.000000,-0.115501,0.000000,-0.993307,0.000000,86.658752,31.675501,9.584259,1.000000;;
      }
     }
    }

    Frame NeckFat_Left {
     

     FrameTransformMatrix {
      -0.206439,-0.408782,-0.888977,0.000000,-0.092467,0.912632,-0.398186,0.000000,0.974080,0.000000,-0.226202,0.000000,-30.930358,-59.219469,-124.621901,1.000000;;
     }
    }

    Frame NeckFat_Right {
     

     FrameTransformMatrix {
      -0.208230,0.391320,-0.896387,0.000000,0.088546,0.920255,0.381170,0.000000,0.974064,0.000000,-0.226274,0.000000,-30.930419,59.219494,-124.621786,1.000000;;
     }
    }
   }

   Frame UpperArm_Left {
    

    FrameTransformMatrix {
     -0.484692,-0.184515,-0.855002,0.000000,-0.097883,0.982799,-0.156606,0.000000,0.869191,0.007784,-0.494415,0.000000,-42.504134,-109.257626,-103.588730,1.000000;;
    }

    Frame LowerArm_Left {
     

     FrameTransformMatrix {
      0.503465,-0.027697,0.863572,0.000000,0.033723,0.999354,0.012392,0.000000,-0.863357,0.022883,0.504074,0.000000,100.854765,0.000000,0.000000,1.000000;;
     }

     Frame Hand_Left {
      

      FrameTransformMatrix {
       0.880076,-0.042459,0.472931,0.000000,-0.068035,0.974442,0.214090,0.000000,-0.469934,-0.220591,0.854694,0.000000,55.176973,0.000015,0.000004,1.000000;;
      }

      Frame HandTip_Left {
       

       FrameTransformMatrix {
        0.989203,0.016106,0.145666,0.000000,-0.006519,0.997795,-0.066057,0.000000,-0.146409,0.064395,0.987126,0.000000,30.651482,0.000000,0.000004,1.000000;;
       }
      }
     }
    }
   }

   Frame UpperArm_Right {
    

    FrameTransformMatrix {
     -0.484692,0.184514,-0.855002,0.000000,0.097887,0.982799,0.156602,0.000000,0.869191,-0.007789,-0.494416,0.000000,-42.504211,109.258022,-103.588864,1.000000;;
    }

    Frame LowerArm_Right {
     

     FrameTransformMatrix {
      0.503464,0.027704,0.863572,0.000000,-0.033732,0.999354,-0.012395,0.000000,-0.863357,-0.022889,0.504074,0.000000,100.854522,0.000000,0.000000,1.000000;;
     }

     Frame Hand_Right {
      

      FrameTransformMatrix {
       0.880120,0.037192,0.473292,0.000000,0.004991,0.996147,-0.087560,0.000000,-0.474725,0.079425,0.876543,0.000000,55.177050,-0.000015,0.000008,1.000000;;
      }

      Frame HandTip_Right {
       

       FrameTransformMatrix {
        0.988402,-0.068505,0.135530,0.000000,0.061894,0.996706,0.052409,0.000000,-0.138674,-0.043413,0.989386,0.000000,30.650858,0.000031,0.000002,1.000000;;
       }
      }
     }
    }
   }
  }

  Frame Wing01_Left {
   

   FrameTransformMatrix {
    -0.819238,-0.141155,0.555810,0.000000,0.069093,-0.986468,-0.148687,0.000000,0.569276,-0.083408,0.817904,0.000000,109.476557,-86.857920,76.797043,1.000000;;
   }

   Frame Wing02_Left {
    

    FrameTransformMatrix {
     0.492857,0.852111,-0.176065,0.000000,-0.868617,0.493683,-0.042206,0.000000,0.050956,0.173734,0.983473,0.000000,67.823091,-0.000015,0.000092,1.000000;;
    }

    Frame Wing03_Left {
     

     FrameTransformMatrix {
      -0.133531,0.987473,-0.084066,0.000000,-0.830219,-0.065135,0.553619,0.000000,0.541208,0.143718,0.828516,0.000000,63.671750,-0.000015,0.000061,1.000000;;
     }

     Frame WingHand_Left {
      

      FrameTransformMatrix {
       -0.526014,-0.834650,-0.163306,0.000000,0.838850,-0.540810,0.062093,0.000000,-0.140143,-0.104327,0.984619,0.000000,128.981581,0.000008,0.000000,1.000000;;
      }

      Frame WingIndex01_Left {
       

       FrameTransformMatrix {
        0.916467,-0.397911,0.041909,0.000000,0.382876,0.902576,0.196884,0.000000,-0.116169,-0.164392,0.979531,0.000000,112.764659,-30.335280,-9.404907,1.000000;;
       }

       Frame WingIndex02_Left {
        

        FrameTransformMatrix {
         0.756658,-0.653559,-0.018110,0.000000,0.621462,0.727550,-0.290614,0.000000,0.203109,0.208641,0.956669,0.000000,86.913043,-36.789200,23.679931,1.000000;;
        }

        Frame WingIndex03_Left {
         

         FrameTransformMatrix {
          0.909599,-0.337868,-0.241818,0.000000,0.296026,0.935391,-0.193424,0.000000,0.291546,0.104354,0.950848,0.000000,75.364019,-15.291451,-25.967469,1.000000;;
         }
        }
       }
      }

      Frame WingMiddle01_Left {
       

       FrameTransformMatrix {
        0.539819,-0.840767,0.041309,0.000000,0.728458,0.441993,-0.523442,0.000000,0.421835,0.312656,0.851059,0.000000,96.941722,-55.120250,1.703979,1.000000;;
       }

       Frame WingMiddle02_Left {
        

        FrameTransformMatrix {
         0.778699,-0.121832,-0.615455,0.000000,0.625469,0.227621,0.746309,0.000000,0.049167,-0.966098,0.253450,0.000000,82.147277,-0.000031,-0.000015,1.000000;;
        }

        Frame WingMiddle03_Left {
         

         FrameTransformMatrix {
          0.843066,-0.458379,-0.281300,0.000000,0.452494,0.887251,-0.089638,0.000000,0.290672,-0.051715,0.955424,0.000000,62.438470,0.000000,0.000000,1.000000;;
         }
        }
       }
      }

      Frame WingPinky01_Left {
       

       FrameTransformMatrix {
        0.409476,-0.912321,-0.000065,0.000000,0.758287,0.340381,-0.556006,0.000000,0.507278,0.227621,0.831179,0.000000,79.302522,-69.807174,5.969177,1.000000;;
       }

       Frame WingPinky02_Left {
        

        FrameTransformMatrix {
         0.827607,-0.235571,-0.509482,0.000000,0.557044,0.456350,0.693864,0.000000,0.069048,-0.858051,0.508902,0.000000,80.803238,-0.000031,0.000031,1.000000;;
        }

        Frame WingPinky03_Left {
         

         FrameTransformMatrix {
          0.843727,-0.509881,-0.167766,0.000000,0.508422,0.859360,-0.054852,0.000000,0.172139,-0.039016,0.984300,0.000000,37.347002,6.947075,-3.755737,1.000000;;
         }
        }
       }
      }
     }
    }
   }
  }

  Frame ValleyFat {
   

   FrameTransformMatrix {
    -0.433473,0.000000,-0.901167,0.000000,0.000000,1.000000,0.000000,0.000000,0.901167,0.000000,-0.433473,0.000000,-63.996454,0.000000,-125.222758,1.000000;;
   }
  }

  Frame Wing01_Right {
   

   FrameTransformMatrix {
    -0.819373,0.141501,0.555523,0.000000,-0.069207,-0.986387,0.149172,0.000000,0.569068,0.083781,0.818011,0.000000,109.476467,86.857920,76.796922,1.000000;;
   }

   Frame Wing02_Right {
    

    FrameTransformMatrix {
     0.492840,-0.852121,-0.176062,0.000000,0.868627,0.493667,0.042203,0.000000,0.050954,-0.173732,0.983474,0.000000,67.822976,0.000000,0.000000,1.000000;;
    }

    Frame Wing03_Right {
     

     FrameTransformMatrix {
      -0.133553,-0.987471,-0.084057,0.000000,0.830211,-0.065157,-0.553628,0.000000,0.541215,-0.143724,0.828511,0.000000,63.671373,-0.000008,0.000000,1.000000;;
     }

     Frame WingHand_Right {
      

      FrameTransformMatrix {
       -0.545916,0.837772,0.010697,0.000000,-0.762491,-0.491489,-0.420768,0.000000,-0.347250,-0.237861,0.907105,0.000000,128.982208,-0.000031,0.000031,1.000000;;
      }

      Frame WingIndex01_Right {
       

       FrameTransformMatrix {
        0.662639,0.747471,-0.046869,0.000000,-0.646977,0.539780,-0.538571,0.000000,-0.377267,0.387201,0.841276,0.000000,113.938086,47.060179,-3.240295,1.000000;;
       }

       Frame WingIndex02_Right {
        

        FrameTransformMatrix {
         0.807993,0.478992,0.343095,0.000000,-0.587971,0.692991,0.417198,0.000000,-0.037927,-0.538823,0.841565,0.000000,80.644358,-20.125778,5.437424,1.000000;;
        }

        Frame WingIndex03_Right {
         

         FrameTransformMatrix {
          0.813076,0.337869,-0.474080,0.000000,-0.571527,0.618182,-0.539636,0.000000,0.110742,0.709715,0.695730,0.000000,74.981837,-2.499527,-2.423889,1.000000;;
         }
        }
       }
      }

      Frame WingMiddle01_Right {
       

       FrameTransformMatrix {
        0.602058,0.775191,0.191324,0.000000,-0.797754,0.573987,0.184735,0.000000,0.033387,-0.263851,0.963985,0.000000,93.681126,57.248582,10.631134,1.000000;;
       }

       Frame WingMiddle02_Right {
        

        FrameTransformMatrix {
         0.810048,0.571476,-0.131294,0.000000,-0.586249,0.784900,-0.200610,0.000000,-0.011591,0.239474,0.970834,0.000000,81.109101,0.255325,-4.367035,1.000000;;
        }

        Frame WingMiddle03_Right {
         

         FrameTransformMatrix {
          0.903140,0.425873,-0.054496,0.000000,-0.411006,0.820868,-0.396548,0.000000,-0.124145,0.380536,0.916395,0.000000,59.836928,5.075363,-8.032013,1.000000;;
         }
        }
       }
      }

      Frame WingPinky01_Right {
       

       FrameTransformMatrix {
        0.877513,0.405255,0.256398,0.000000,-0.120950,-0.330343,0.936079,0.000000,0.464050,-0.852433,-0.240865,0.000000,77.041293,74.397370,14.535950,1.000000;;
       }

       Frame WingPinky02_Right {
        

        FrameTransformMatrix {
         0.826982,-0.042214,-0.560641,0.000000,-0.548938,-0.276155,-0.788927,0.000000,-0.121521,0.960186,-0.251548,0.000000,60.879168,-10.194733,-35.732301,1.000000;;
        }

        Frame WingPinky03_Right {
         

         FrameTransformMatrix {
          0.892752,0.402454,-0.202544,0.000000,-0.446728,0.849108,-0.281869,0.000000,0.058543,0.342121,0.937830,0.000000,35.481773,19.481102,-2.598999,1.000000;;
         }
        }
       }
      }
     }
    }
   }
  }
 }

 Frame UpperLeg_Left {
  

  FrameTransformMatrix {
   -0.197502,-0.123112,-0.972541,0.000000,-0.033383,0.992352,-0.118841,0.000000,0.979734,0.008995,-0.200101,0.000000,46.670678,-120.680922,-78.784986,1.000000;;
  }

  Frame LowerLeg_Left {
   

   FrameTransformMatrix {
    0.429929,0.041506,-0.901908,0.000000,-0.162095,0.986260,-0.031881,0.000000,0.888193,0.159901,0.430749,0.000000,79.997984,0.000000,-0.000015,1.000000;;
   }

   Frame ReverseLeg_Left {
    

    FrameTransformMatrix {
     -0.485200,-0.113254,0.867038,0.000000,0.035446,0.988214,0.148918,0.000000,-0.873685,0.102987,-0.475467,0.000000,58.832864,0.000015,-0.000008,1.000000;;
    }

    Frame Feet_Left {
     

     FrameTransformMatrix {
      0.685400,-0.211846,0.696670,0.000000,0.050338,0.968240,0.244903,0.000000,-0.726426,-0.132788,0.674295,0.000000,63.240333,0.000031,0.000023,1.000000;;
     }

     Frame Toe_Left {
      

      FrameTransformMatrix {
       0.988718,0.113669,0.097553,0.000000,-0.101573,0.987431,-0.121092,0.000000,-0.110092,0.109817,0.987836,0.000000,28.971565,-0.000015,-0.000002,1.000000;;
      }
     }
    }
   }
  }
 }

 Frame UpperLeg_Right {
  

  FrameTransformMatrix {
   -0.197508,0.123108,-0.972540,0.000000,0.033392,0.992352,0.118834,0.000000,0.979732,-0.009005,-0.200109,0.000000,46.670653,120.680973,-78.784915,1.000000;;
  }

  Frame LowerLeg_Right {
   

   FrameTransformMatrix {
    0.429936,-0.041509,-0.901904,0.000000,0.162104,0.986258,0.031884,0.000000,0.888188,-0.159910,0.430757,0.000000,79.998170,0.000015,0.000000,1.000000;;
   }

   Frame ReverseLeg_Right {
    

    FrameTransformMatrix {
     -0.485204,0.113274,0.867033,0.000000,-0.035450,0.988210,-0.148944,0.000000,-0.873682,-0.103005,-0.475468,0.000000,58.832781,0.000008,0.000000,1.000000;;
    }

    Frame Feet_Right {
     

     FrameTransformMatrix {
      0.678362,0.250024,0.690878,0.000000,-0.158058,0.967963,-0.195104,0.000000,-0.717525,0.023152,0.696148,0.000000,63.240653,0.000000,-0.000023,1.000000;;
     }

     Frame Toe_Right {
      

      FrameTransformMatrix {
       0.993487,-0.041525,0.106107,0.000000,0.034738,0.997279,0.065026,0.000000,-0.108519,-0.060916,0.992226,0.000000,28.971085,-0.000031,-0.000002,1.000000;;
      }
     }
    }
   }
  }
 }

 Frame Tail01 {
  

  FrameTransformMatrix {
   -0.770703,0.000000,-0.637194,0.000000,0.000000,-1.000000,-0.000000,0.000000,-0.637194,-0.000000,0.770703,0.000000,-67.266861,0.000000,-74.626432,1.000000;;
  }

  Frame Tail02 {
   

   FrameTransformMatrix {
    0.967156,0.000000,0.254183,0.000000,0.000000,1.000000,0.000000,0.000000,-0.254183,0.000000,0.967156,0.000000,116.233754,-0.000000,0.000015,1.000000;;
   }

   Frame Tail03 {
    

    FrameTransformMatrix {
     0.966082,-0.000000,0.258235,0.000000,0.000000,1.000000,0.000000,0.000000,-0.258235,-0.000000,0.966082,0.000000,113.724518,-0.000000,0.000000,1.000000;;
    }

    Frame TailEnd {
     

     FrameTransformMatrix {
      0.996376,0.000000,0.085057,0.000000,-0.000000,1.000000,-0.000000,0.000000,-0.085057,0.000000,0.996376,0.000000,132.384064,0.000000,0.000000,1.000000;;
     }
    }
   }
  }
 }
}

AnimTicksPerSecond  {
 4800;
}

AnimationSet Anim1 {
 

 Animation {
  
  { Root_Pelvis }

  AnimationKey  {
   4;
   2;
   0;16;-0.000000,-0.034403,-0.392195,0.000000,-0.393701,-0.000000,0.000000,0.000000,-0.000000,0.392195,-0.034403,0.000000,0.000000,91.219162,52.933776,1.000000;;,
   4800;16;-0.000000,-0.034403,-0.392195,0.000000,-0.393701,-0.000000,0.000000,0.000000,-0.000000,0.392195,-0.034403,0.000000,0.000000,91.219162,52.933776,1.000000;;;
  }
 }

 Animation {
  
  { Spine }

  AnimationKey  {
   4;
   2;
   0;16;0.859841,-0.000000,0.510562,0.000000,0.000000,1.000000,0.000000,0.000000,-0.510562,-0.000000,0.859841,0.000000,126.060595,0.000000,0.000000,1.000000;;,
   4800;16;0.859841,-0.000000,0.510562,0.000000,0.000000,1.000000,0.000000,0.000000,-0.510562,-0.000000,0.859841,0.000000,126.060595,0.000000,0.000000,1.000000;;;
  }
 }

 Animation {
  
  { Chest }

  AnimationKey  {
   4;
   2;
   0;16;0.998870,0.000000,-0.047531,0.000000,0.000000,1.000000,0.000000,0.000000,0.047531,0.000000,0.998870,0.000000,96.567731,0.000000,-0.000015,1.000000;;,
   4800;16;0.998870,0.000000,-0.047531,0.000000,0.000000,1.000000,0.000000,0.000000,0.047531,0.000000,0.998870,0.000000,96.567731,0.000000,-0.000015,1.000000;;;
  }
 }

 Animation {
  
  { Neck }

  AnimationKey  {
   4;
   2;
   0;16;0.803122,0.000000,0.595814,0.000000,0.000000,1.000000,-0.000000,0.000000,-0.595814,-0.000000,0.803122,0.000000,70.586138,0.000000,-0.000015,1.000000;;,
   4800;16;0.803122,0.000000,0.595814,0.000000,0.000000,1.000000,-0.000000,0.000000,-0.595814,-0.000000,0.803122,0.000000,70.586138,0.000000,-0.000015,1.000000;;;
  }
 }

 Animation {
  
  { Head }

  AnimationKey  {
   4;
   2;
   0;16;0.603181,-0.000000,-0.797604,0.000000,0.000000,1.000000,-0.000000,0.000000,0.797604,0.000000,0.603181,0.000000,86.905030,0.000000,0.000015,1.000000;;,
   4800;16;0.603181,-0.000000,-0.797604,0.000000,0.000000,1.000000,-0.000000,0.000000,0.797604,0.000000,0.603181,0.000000,86.905030,0.000000,0.000015,1.000000;;;
  }
 }

 Animation {
  
  { UpperMouth }

  AnimationKey  {
   4;
   2;
   0;16;-0.000000,-1.000000,0.000000,0.000000,0.993307,-0.000000,-0.115501,0.000000,0.115501,-0.000000,0.993307,0.000000,95.674042,-0.000000,-6.093201,1.000000;;,
   4800;16;-0.000000,-1.000000,0.000000,0.000000,0.993307,-0.000000,-0.115501,0.000000,0.115501,-0.000000,0.993307,0.000000,95.674042,-0.000000,-6.093201,1.000000;;;
  }
 }

 Animation {
  
  { Jaw }

  AnimationKey  {
   4;
   2;
   0;16;0.890045,0.000000,-0.455874,0.000000,0.000000,1.000000,0.000000,0.000000,0.455874,0.000000,0.890045,0.000000,41.192352,0.000000,-23.123779,1.000000;;,
   4800;16;0.890045,0.000000,-0.455874,0.000000,0.000000,1.000000,0.000000,0.000000,0.455874,0.000000,0.890045,0.000000,41.192352,0.000000,-23.123779,1.000000;;;
  }
 }

 Animation {
  
  { JawTip }

  AnimationKey  {
   4;
   2;
   0;16;-0.000000,-1.000000,0.000000,0.000000,0.899981,-0.000000,0.435928,0.000000,-0.435928,0.000000,0.899981,0.000000,57.773370,-0.000000,35.099670,1.000000;;,
   4800;16;-0.000000,-1.000000,0.000000,0.000000,0.899981,-0.000000,0.435928,0.000000,-0.435928,0.000000,0.899981,0.000000,57.773370,-0.000000,35.099670,1.000000;;;
  }
 }

 Animation {
  
  { Eye_Left }

  AnimationKey  {
   4;
   2;
   0;16;-0.000000,-1.000000,0.000000,0.000000,0.993307,-0.000000,-0.115501,0.000000,0.115501,-0.000000,0.993307,0.000000,86.658963,-31.675533,9.583802,1.000000;;,
   4800;16;-0.000000,-1.000000,0.000000,0.000000,0.993307,-0.000000,-0.115501,0.000000,0.115501,-0.000000,0.993307,0.000000,86.658963,-31.675533,9.583802,1.000000;;;
  }
 }

 Animation {
  
  { Eye_Right }

  AnimationKey  {
   4;
   2;
   0;16;-0.000000,-1.000000,0.000000,0.000000,-0.993307,0.000000,0.115501,0.000000,-0.115501,0.000000,-0.993307,0.000000,86.658752,31.675501,9.584259,1.000000;;,
   4800;16;-0.000000,-1.000000,0.000000,0.000000,-0.993307,0.000000,0.115501,0.000000,-0.115501,0.000000,-0.993307,0.000000,86.658752,31.675501,9.584259,1.000000;;;
  }
 }

 Animation {
  
  { NeckFat_Left }

  AnimationKey  {
   4;
   2;
   0;16;-0.206439,-0.408782,-0.888977,0.000000,-0.092467,0.912632,-0.398186,0.000000,0.974080,0.000000,-0.226202,0.000000,-30.930358,-59.219469,-124.621901,1.000000;;,
   4800;16;-0.206439,-0.408782,-0.888977,0.000000,-0.092467,0.912632,-0.398186,0.000000,0.974080,0.000000,-0.226202,0.000000,-30.930358,-59.219469,-124.621901,1.000000;;;
  }
 }

 Animation {
  
  { NeckFat_Right }

  AnimationKey  {
   4;
   2;
   0;16;-0.208230,0.391320,-0.896387,0.000000,0.088546,0.920255,0.381170,0.000000,0.974064,0.000000,-0.226274,0.000000,-30.930419,59.219494,-124.621786,1.000000;;,
   4800;16;-0.208230,0.391320,-0.896387,0.000000,0.088546,0.920255,0.381170,0.000000,0.974064,0.000000,-0.226274,0.000000,-30.930419,59.219494,-124.621786,1.000000;;;
  }
 }

 Animation {
  
  { UpperArm_Left }

  AnimationKey  {
   4;
   2;
   0;16;-0.484692,-0.184515,-0.855002,0.000000,-0.097883,0.982799,-0.156606,0.000000,0.869191,0.007784,-0.494415,0.000000,-42.504134,-109.257626,-103.588730,1.000000;;,
   4800;16;-0.484692,-0.184515,-0.855002,0.000000,-0.097883,0.982799,-0.156606,0.000000,0.869191,0.007784,-0.494415,0.000000,-42.504134,-109.257626,-103.588730,1.000000;;;
  }
 }

 Animation {
  
  { LowerArm_Left }

  AnimationKey  {
   4;
   2;
   0;16;0.503465,-0.027697,0.863572,0.000000,0.033723,0.999354,0.012392,0.000000,-0.863357,0.022883,0.504074,0.000000,100.854765,0.000000,0.000000,1.000000;;,
   4800;16;0.503465,-0.027697,0.863572,0.000000,0.033723,0.999354,0.012392,0.000000,-0.863357,0.022883,0.504074,0.000000,100.854765,0.000000,0.000000,1.000000;;;
  }
 }

 Animation {
  
  { Hand_Left }

  AnimationKey  {
   4;
   2;
   0;16;0.880076,-0.042459,0.472931,0.000000,-0.068035,0.974442,0.214090,0.000000,-0.469934,-0.220591,0.854694,0.000000,55.176973,0.000015,0.000004,1.000000;;,
   4800;16;0.880076,-0.042459,0.472931,0.000000,-0.068035,0.974442,0.214090,0.000000,-0.469934,-0.220591,0.854694,0.000000,55.176973,0.000015,0.000004,1.000000;;;
  }
 }

 Animation {
  
  { HandTip_Left }

  AnimationKey  {
   4;
   2;
   0;16;0.989203,0.016106,0.145666,0.000000,-0.006519,0.997795,-0.066057,0.000000,-0.146409,0.064395,0.987126,0.000000,30.651482,0.000000,0.000004,1.000000;;,
   4800;16;0.989203,0.016106,0.145666,0.000000,-0.006519,0.997795,-0.066057,0.000000,-0.146409,0.064395,0.987126,0.000000,30.651482,0.000000,0.000004,1.000000;;;
  }
 }

 Animation {
  
  { UpperArm_Right }

  AnimationKey  {
   4;
   2;
   0;16;-0.484692,0.184514,-0.855002,0.000000,0.097887,0.982799,0.156602,0.000000,0.869191,-0.007789,-0.494416,0.000000,-42.504211,109.258022,-103.588864,1.000000;;,
   4800;16;-0.484692,0.184514,-0.855002,0.000000,0.097887,0.982799,0.156602,0.000000,0.869191,-0.007789,-0.494416,0.000000,-42.504211,109.258022,-103.588864,1.000000;;;
  }
 }

 Animation {
  
  { LowerArm_Right }

  AnimationKey  {
   4;
   2;
   0;16;0.503464,0.027704,0.863572,0.000000,-0.033732,0.999354,-0.012395,0.000000,-0.863357,-0.022889,0.504074,0.000000,100.854522,0.000000,0.000000,1.000000;;,
   4800;16;0.503464,0.027704,0.863572,0.000000,-0.033732,0.999354,-0.012395,0.000000,-0.863357,-0.022889,0.504074,0.000000,100.854522,0.000000,0.000000,1.000000;;;
  }
 }

 Animation {
  
  { Hand_Right }

  AnimationKey  {
   4;
   2;
   0;16;0.880120,0.037192,0.473292,0.000000,0.004991,0.996147,-0.087560,0.000000,-0.474725,0.079425,0.876543,0.000000,55.177050,-0.000015,0.000008,1.000000;;,
   4800;16;0.880120,0.037192,0.473292,0.000000,0.004991,0.996147,-0.087560,0.000000,-0.474725,0.079425,0.876543,0.000000,55.177050,-0.000015,0.000008,1.000000;;;
  }
 }

 Animation {
  
  { HandTip_Right }

  AnimationKey  {
   4;
   2;
   0;16;0.988402,-0.068505,0.135530,0.000000,0.061894,0.996706,0.052409,0.000000,-0.138674,-0.043413,0.989386,0.000000,30.650858,0.000031,0.000002,1.000000;;,
   4800;16;0.988402,-0.068505,0.135530,0.000000,0.061894,0.996706,0.052409,0.000000,-0.138674,-0.043413,0.989386,0.000000,30.650858,0.000031,0.000002,1.000000;;;
  }
 }

 Animation {
  
  { Wing01_Left }

  AnimationKey  {
   4;
   2;
   0;16;-0.819238,-0.141155,0.555810,0.000000,0.069093,-0.986468,-0.148687,0.000000,0.569276,-0.083408,0.817904,0.000000,109.476557,-86.857920,76.797043,1.000000;;,
   4800;16;-0.819238,-0.141155,0.555810,0.000000,0.069093,-0.986468,-0.148687,0.000000,0.569276,-0.083408,0.817904,0.000000,109.476557,-86.857920,76.797043,1.000000;;;
  }
 }

 Animation {
  
  { Wing02_Left }

  AnimationKey  {
   4;
   2;
   0;16;0.492857,0.852111,-0.176065,0.000000,-0.868617,0.493683,-0.042206,0.000000,0.050956,0.173734,0.983473,0.000000,67.823091,-0.000015,0.000092,1.000000;;,
   4800;16;0.492857,0.852111,-0.176065,0.000000,-0.868617,0.493683,-0.042206,0.000000,0.050956,0.173734,0.983473,0.000000,67.823091,-0.000015,0.000092,1.000000;;;
  }
 }

 Animation {
  
  { Wing03_Left }

  AnimationKey  {
   4;
   2;
   0;16;-0.133531,0.987473,-0.084066,0.000000,-0.830219,-0.065135,0.553619,0.000000,0.541208,0.143718,0.828516,0.000000,63.671750,-0.000015,0.000061,1.000000;;,
   4800;16;-0.133531,0.987473,-0.084066,0.000000,-0.830219,-0.065135,0.553619,0.000000,0.541208,0.143718,0.828516,0.000000,63.671750,-0.000015,0.000061,1.000000;;;
  }
 }

 Animation {
  
  { WingHand_Left }

  AnimationKey  {
   4;
   2;
   0;16;-0.526014,-0.834650,-0.163306,0.000000,0.838850,-0.540810,0.062093,0.000000,-0.140143,-0.104327,0.984619,0.000000,128.981581,0.000008,0.000000,1.000000;;,
   4800;16;-0.526014,-0.834650,-0.163306,0.000000,0.838850,-0.540810,0.062093,0.000000,-0.140143,-0.104327,0.984619,0.000000,128.981581,0.000008,0.000000,1.000000;;;
  }
 }

 Animation {
  
  { WingIndex01_Left }

  AnimationKey  {
   4;
   2;
   0;16;0.916467,-0.397911,0.041909,0.000000,0.382876,0.902576,0.196884,0.000000,-0.116169,-0.164392,0.979531,0.000000,112.764659,-30.335280,-9.404907,1.000000;;,
   4800;16;0.916467,-0.397911,0.041909,0.000000,0.382876,0.902576,0.196884,0.000000,-0.116169,-0.164392,0.979531,0.000000,112.764659,-30.335280,-9.404907,1.000000;;;
  }
 }

 Animation {
  
  { WingIndex02_Left }

  AnimationKey  {
   4;
   2;
   0;16;0.756658,-0.653559,-0.018110,0.000000,0.621462,0.727550,-0.290614,0.000000,0.203109,0.208641,0.956669,0.000000,86.913043,-36.789200,23.679931,1.000000;;,
   4800;16;0.756658,-0.653559,-0.018110,0.000000,0.621462,0.727550,-0.290614,0.000000,0.203109,0.208641,0.956669,0.000000,86.913043,-36.789200,23.679931,1.000000;;;
  }
 }

 Animation {
  
  { WingIndex03_Left }

  AnimationKey  {
   4;
   2;
   0;16;0.909599,-0.337868,-0.241818,0.000000,0.296026,0.935391,-0.193424,0.000000,0.291546,0.104354,0.950848,0.000000,75.364019,-15.291451,-25.967469,1.000000;;,
   4800;16;0.909599,-0.337868,-0.241818,0.000000,0.296026,0.935391,-0.193424,0.000000,0.291546,0.104354,0.950848,0.000000,75.364019,-15.291451,-25.967469,1.000000;;;
  }
 }

 Animation {
  
  { WingMiddle01_Left }

  AnimationKey  {
   4;
   2;
   0;16;0.539819,-0.840767,0.041309,0.000000,0.728458,0.441993,-0.523442,0.000000,0.421835,0.312656,0.851059,0.000000,96.941722,-55.120250,1.703979,1.000000;;,
   4800;16;0.539819,-0.840767,0.041309,0.000000,0.728458,0.441993,-0.523442,0.000000,0.421835,0.312656,0.851059,0.000000,96.941722,-55.120250,1.703979,1.000000;;;
  }
 }

 Animation {
  
  { WingMiddle02_Left }

  AnimationKey  {
   4;
   2;
   0;16;0.778699,-0.121832,-0.615455,0.000000,0.625469,0.227621,0.746309,0.000000,0.049167,-0.966098,0.253450,0.000000,82.147277,-0.000031,-0.000015,1.000000;;,
   4800;16;0.778699,-0.121832,-0.615455,0.000000,0.625469,0.227621,0.746309,0.000000,0.049167,-0.966098,0.253450,0.000000,82.147277,-0.000031,-0.000015,1.000000;;;
  }
 }

 Animation {
  
  { WingMiddle03_Left }

  AnimationKey  {
   4;
   2;
   0;16;0.843066,-0.458379,-0.281300,0.000000,0.452494,0.887251,-0.089638,0.000000,0.290672,-0.051715,0.955424,0.000000,62.438470,0.000000,0.000000,1.000000;;,
   4800;16;0.843066,-0.458379,-0.281300,0.000000,0.452494,0.887251,-0.089638,0.000000,0.290672,-0.051715,0.955424,0.000000,62.438470,0.000000,0.000000,1.000000;;;
  }
 }

 Animation {
  
  { WingPinky01_Left }

  AnimationKey  {
   4;
   2;
   0;16;0.409476,-0.912321,-0.000065,0.000000,0.758287,0.340381,-0.556006,0.000000,0.507278,0.227621,0.831179,0.000000,79.302522,-69.807174,5.969177,1.000000;;,
   4800;16;0.409476,-0.912321,-0.000065,0.000000,0.758287,0.340381,-0.556006,0.000000,0.507278,0.227621,0.831179,0.000000,79.302522,-69.807174,5.969177,1.000000;;;
  }
 }

 Animation {
  
  { WingPinky02_Left }

  AnimationKey  {
   4;
   2;
   0;16;0.827607,-0.235571,-0.509482,0.000000,0.557044,0.456350,0.693864,0.000000,0.069048,-0.858051,0.508902,0.000000,80.803238,-0.000031,0.000031,1.000000;;,
   4800;16;0.827607,-0.235571,-0.509482,0.000000,0.557044,0.456350,0.693864,0.000000,0.069048,-0.858051,0.508902,0.000000,80.803238,-0.000031,0.000031,1.000000;;;
  }
 }

 Animation {
  
  { WingPinky03_Left }

  AnimationKey  {
   4;
   2;
   0;16;0.843727,-0.509881,-0.167766,0.000000,0.508422,0.859360,-0.054852,0.000000,0.172139,-0.039016,0.984300,0.000000,37.347002,6.947075,-3.755737,1.000000;;,
   4800;16;0.843727,-0.509881,-0.167766,0.000000,0.508422,0.859360,-0.054852,0.000000,0.172139,-0.039016,0.984300,0.000000,37.347002,6.947075,-3.755737,1.000000;;;
  }
 }

 Animation {
  
  { ValleyFat }

  AnimationKey  {
   4;
   2;
   0;16;-0.433473,0.000000,-0.901167,0.000000,0.000000,1.000000,0.000000,0.000000,0.901167,0.000000,-0.433473,0.000000,-63.996454,0.000000,-125.222758,1.000000;;,
   4800;16;-0.433473,0.000000,-0.901167,0.000000,0.000000,1.000000,0.000000,0.000000,0.901167,0.000000,-0.433473,0.000000,-63.996454,0.000000,-125.222758,1.000000;;;
  }
 }

 Animation {
  
  { Wing01_Right }

  AnimationKey  {
   4;
   2;
   0;16;-0.819373,0.141501,0.555523,0.000000,-0.069207,-0.986387,0.149172,0.000000,0.569068,0.083781,0.818011,0.000000,109.476467,86.857920,76.796922,1.000000;;,
   4800;16;-0.819373,0.141501,0.555523,0.000000,-0.069207,-0.986387,0.149172,0.000000,0.569068,0.083781,0.818011,0.000000,109.476467,86.857920,76.796922,1.000000;;;
  }
 }

 Animation {
  
  { Wing02_Right }

  AnimationKey  {
   4;
   2;
   0;16;0.492840,-0.852121,-0.176062,0.000000,0.868627,0.493667,0.042203,0.000000,0.050954,-0.173732,0.983474,0.000000,67.822976,0.000000,0.000000,1.000000;;,
   4800;16;0.492840,-0.852121,-0.176062,0.000000,0.868627,0.493667,0.042203,0.000000,0.050954,-0.173732,0.983474,0.000000,67.822976,0.000000,0.000000,1.000000;;;
  }
 }

 Animation {
  
  { Wing03_Right }

  AnimationKey  {
   4;
   2;
   0;16;-0.133553,-0.987471,-0.084057,0.000000,0.830211,-0.065157,-0.553628,0.000000,0.541215,-0.143724,0.828511,0.000000,63.671373,-0.000008,0.000000,1.000000;;,
   4800;16;-0.133553,-0.987471,-0.084057,0.000000,0.830211,-0.065157,-0.553628,0.000000,0.541215,-0.143724,0.828511,0.000000,63.671373,-0.000008,0.000000,1.000000;;;
  }
 }

 Animation {
  
  { WingHand_Right }

  AnimationKey  {
   4;
   2;
   0;16;-0.545916,0.837772,0.010697,0.000000,-0.762491,-0.491489,-0.420768,0.000000,-0.347250,-0.237861,0.907105,0.000000,128.982208,-0.000031,0.000031,1.000000;;,
   4800;16;-0.545916,0.837772,0.010697,0.000000,-0.762491,-0.491489,-0.420768,0.000000,-0.347250,-0.237861,0.907105,0.000000,128.982208,-0.000031,0.000031,1.000000;;;
  }
 }

 Animation {
  
  { WingIndex01_Right }

  AnimationKey  {
   4;
   2;
   0;16;0.662639,0.747471,-0.046869,0.000000,-0.646977,0.539780,-0.538571,0.000000,-0.377267,0.387201,0.841276,0.000000,113.938086,47.060179,-3.240295,1.000000;;,
   4800;16;0.662639,0.747471,-0.046869,0.000000,-0.646977,0.539780,-0.538571,0.000000,-0.377267,0.387201,0.841276,0.000000,113.938086,47.060179,-3.240295,1.000000;;;
  }
 }

 Animation {
  
  { WingIndex02_Right }

  AnimationKey  {
   4;
   2;
   0;16;0.807993,0.478992,0.343095,0.000000,-0.587971,0.692991,0.417198,0.000000,-0.037927,-0.538823,0.841565,0.000000,80.644358,-20.125778,5.437424,1.000000;;,
   4800;16;0.807993,0.478992,0.343095,0.000000,-0.587971,0.692991,0.417198,0.000000,-0.037927,-0.538823,0.841565,0.000000,80.644358,-20.125778,5.437424,1.000000;;;
  }
 }

 Animation {
  
  { WingIndex03_Right }

  AnimationKey  {
   4;
   2;
   0;16;0.813076,0.337869,-0.474080,0.000000,-0.571527,0.618182,-0.539636,0.000000,0.110742,0.709715,0.695730,0.000000,74.981837,-2.499527,-2.423889,1.000000;;,
   4800;16;0.813076,0.337869,-0.474080,0.000000,-0.571527,0.618182,-0.539636,0.000000,0.110742,0.709715,0.695730,0.000000,74.981837,-2.499527,-2.423889,1.000000;;;
  }
 }

 Animation {
  
  { WingMiddle01_Right }

  AnimationKey  {
   4;
   2;
   0;16;0.602058,0.775191,0.191324,0.000000,-0.797754,0.573987,0.184735,0.000000,0.033387,-0.263851,0.963985,0.000000,93.681126,57.248582,10.631134,1.000000;;,
   4800;16;0.602058,0.775191,0.191324,0.000000,-0.797754,0.573987,0.184735,0.000000,0.033387,-0.263851,0.963985,0.000000,93.681126,57.248582,10.631134,1.000000;;;
  }
 }

 Animation {
  
  { WingMiddle02_Right }

  AnimationKey  {
   4;
   2;
   0;16;0.810048,0.571476,-0.131294,0.000000,-0.586249,0.784900,-0.200610,0.000000,-0.011591,0.239474,0.970834,0.000000,81.109101,0.255325,-4.367035,1.000000;;,
   4800;16;0.810048,0.571476,-0.131294,0.000000,-0.586249,0.784900,-0.200610,0.000000,-0.011591,0.239474,0.970834,0.000000,81.109101,0.255325,-4.367035,1.000000;;;
  }
 }

 Animation {
  
  { WingMiddle03_Right }

  AnimationKey  {
   4;
   2;
   0;16;0.903140,0.425873,-0.054496,0.000000,-0.411006,0.820868,-0.396548,0.000000,-0.124145,0.380536,0.916395,0.000000,59.836928,5.075363,-8.032013,1.000000;;,
   4800;16;0.903140,0.425873,-0.054496,0.000000,-0.411006,0.820868,-0.396548,0.000000,-0.124145,0.380536,0.916395,0.000000,59.836928,5.075363,-8.032013,1.000000;;;
  }
 }

 Animation {
  
  { WingPinky01_Right }

  AnimationKey  {
   4;
   2;
   0;16;0.877513,0.405255,0.256398,0.000000,-0.120950,-0.330343,0.936079,0.000000,0.464050,-0.852433,-0.240865,0.000000,77.041293,74.397370,14.535950,1.000000;;,
   4800;16;0.877513,0.405255,0.256398,0.000000,-0.120950,-0.330343,0.936079,0.000000,0.464050,-0.852433,-0.240865,0.000000,77.041293,74.397370,14.535950,1.000000;;;
  }
 }

 Animation {
  
  { WingPinky02_Right }

  AnimationKey  {
   4;
   2;
   0;16;0.826982,-0.042214,-0.560641,0.000000,-0.548938,-0.276155,-0.788927,0.000000,-0.121521,0.960186,-0.251548,0.000000,60.879168,-10.194733,-35.732301,1.000000;;,
   4800;16;0.826982,-0.042214,-0.560641,0.000000,-0.548938,-0.276155,-0.788927,0.000000,-0.121521,0.960186,-0.251548,0.000000,60.879168,-10.194733,-35.732301,1.000000;;;
  }
 }

 Animation {
  
  { WingPinky03_Right }

  AnimationKey  {
   4;
   2;
   0;16;0.892752,0.402454,-0.202544,0.000000,-0.446728,0.849108,-0.281869,0.000000,0.058543,0.342121,0.937830,0.000000,35.481773,19.481102,-2.598999,1.000000;;,
   4800;16;0.892752,0.402454,-0.202544,0.000000,-0.446728,0.849108,-0.281869,0.000000,0.058543,0.342121,0.937830,0.000000,35.481773,19.481102,-2.598999,1.000000;;;
  }
 }

 Animation {
  
  { UpperLeg_Left }

  AnimationKey  {
   4;
   2;
   0;16;-0.197502,-0.123112,-0.972541,0.000000,-0.033383,0.992352,-0.118841,0.000000,0.979734,0.008995,-0.200101,0.000000,46.670678,-120.680922,-78.784986,1.000000;;,
   4800;16;-0.197502,-0.123112,-0.972541,0.000000,-0.033383,0.992352,-0.118841,0.000000,0.979734,0.008995,-0.200101,0.000000,46.670678,-120.680922,-78.784986,1.000000;;;
  }
 }

 Animation {
  
  { LowerLeg_Left }

  AnimationKey  {
   4;
   2;
   0;16;0.429929,0.041506,-0.901908,0.000000,-0.162095,0.986260,-0.031881,0.000000,0.888193,0.159901,0.430749,0.000000,79.997984,0.000000,-0.000015,1.000000;;,
   4800;16;0.429929,0.041506,-0.901908,0.000000,-0.162095,0.986260,-0.031881,0.000000,0.888193,0.159901,0.430749,0.000000,79.997984,0.000000,-0.000015,1.000000;;;
  }
 }

 Animation {
  
  { ReverseLeg_Left }

  AnimationKey  {
   4;
   2;
   0;16;-0.485200,-0.113254,0.867038,0.000000,0.035446,0.988214,0.148918,0.000000,-0.873685,0.102987,-0.475467,0.000000,58.832864,0.000015,-0.000008,1.000000;;,
   4800;16;-0.485200,-0.113254,0.867038,0.000000,0.035446,0.988214,0.148918,0.000000,-0.873685,0.102987,-0.475467,0.000000,58.832864,0.000015,-0.000008,1.000000;;;
  }
 }

 Animation {
  
  { Feet_Left }

  AnimationKey  {
   4;
   2;
   0;16;0.685400,-0.211846,0.696670,0.000000,0.050338,0.968240,0.244903,0.000000,-0.726426,-0.132788,0.674295,0.000000,63.240333,0.000031,0.000023,1.000000;;,
   4800;16;0.685400,-0.211846,0.696670,0.000000,0.050338,0.968240,0.244903,0.000000,-0.726426,-0.132788,0.674295,0.000000,63.240333,0.000031,0.000023,1.000000;;;
  }
 }

 Animation {
  
  { Toe_Left }

  AnimationKey  {
   4;
   2;
   0;16;0.988718,0.113669,0.097553,0.000000,-0.101573,0.987431,-0.121092,0.000000,-0.110092,0.109817,0.987836,0.000000,28.971565,-0.000015,-0.000002,1.000000;;,
   4800;16;0.988718,0.113669,0.097553,0.000000,-0.101573,0.987431,-0.121092,0.000000,-0.110092,0.109817,0.987836,0.000000,28.971565,-0.000015,-0.000002,1.000000;;;
  }
 }

 Animation {
  
  { UpperLeg_Right }

  AnimationKey  {
   4;
   2;
   0;16;-0.197508,0.123108,-0.972540,0.000000,0.033392,0.992352,0.118834,0.000000,0.979732,-0.009005,-0.200109,0.000000,46.670653,120.680973,-78.784915,1.000000;;,
   4800;16;-0.197508,0.123108,-0.972540,0.000000,0.033392,0.992352,0.118834,0.000000,0.979732,-0.009005,-0.200109,0.000000,46.670653,120.680973,-78.784915,1.000000;;;
  }
 }

 Animation {
  
  { LowerLeg_Right }

  AnimationKey  {
   4;
   2;
   0;16;0.429936,-0.041509,-0.901904,0.000000,0.162104,0.986258,0.031884,0.000000,0.888188,-0.159910,0.430757,0.000000,79.998170,0.000015,0.000000,1.000000;;,
   4800;16;0.429936,-0.041509,-0.901904,0.000000,0.162104,0.986258,0.031884,0.000000,0.888188,-0.159910,0.430757,0.000000,79.998170,0.000015,0.000000,1.000000;;;
  }
 }

 Animation {
  
  { ReverseLeg_Right }

  AnimationKey  {
   4;
   2;
   0;16;-0.485204,0.113274,0.867033,0.000000,-0.035450,0.988210,-0.148944,0.000000,-0.873682,-0.103005,-0.475468,0.000000,58.832781,0.000008,0.000000,1.000000;;,
   4800;16;-0.485204,0.113274,0.867033,0.000000,-0.035450,0.988210,-0.148944,0.000000,-0.873682,-0.103005,-0.475468,0.000000,58.832781,0.000008,0.000000,1.000000;;;
  }
 }

 Animation {
  
  { Feet_Right }

  AnimationKey  {
   4;
   2;
   0;16;0.678362,0.250024,0.690878,0.000000,-0.158058,0.967963,-0.195104,0.000000,-0.717525,0.023152,0.696148,0.000000,63.240653,0.000000,-0.000023,1.000000;;,
   4800;16;0.678362,0.250024,0.690878,0.000000,-0.158058,0.967963,-0.195104,0.000000,-0.717525,0.023152,0.696148,0.000000,63.240653,0.000000,-0.000023,1.000000;;;
  }
 }

 Animation {
  
  { Toe_Right }

  AnimationKey  {
   4;
   2;
   0;16;0.993487,-0.041525,0.106107,0.000000,0.034738,0.997279,0.065026,0.000000,-0.108519,-0.060916,0.992226,0.000000,28.971085,-0.000031,-0.000002,1.000000;;,
   4800;16;0.993487,-0.041525,0.106107,0.000000,0.034738,0.997279,0.065026,0.000000,-0.108519,-0.060916,0.992226,0.000000,28.971085,-0.000031,-0.000002,1.000000;;;
  }
 }

 Animation {
  
  { Tail01 }

  AnimationKey  {
   4;
   2;
   0;16;-0.770703,0.000000,-0.637194,0.000000,0.000000,-1.000000,-0.000000,0.000000,-0.637194,-0.000000,0.770703,0.000000,-67.266861,0.000000,-74.626432,1.000000;;,
   4800;16;-0.770703,0.000000,-0.637194,0.000000,0.000000,-1.000000,-0.000000,0.000000,-0.637194,-0.000000,0.770703,0.000000,-67.266861,0.000000,-74.626432,1.000000;;;
  }
 }

 Animation {
  
  { Tail02 }

  AnimationKey  {
   4;
   2;
   0;16;0.967156,0.000000,0.254183,0.000000,0.000000,1.000000,0.000000,0.000000,-0.254183,0.000000,0.967156,0.000000,116.233754,-0.000000,0.000015,1.000000;;,
   4800;16;0.967156,0.000000,0.254183,0.000000,0.000000,1.000000,0.000000,0.000000,-0.254183,0.000000,0.967156,0.000000,116.233754,-0.000000,0.000015,1.000000;;;
  }
 }

 Animation {
  
  { Tail03 }

  AnimationKey  {
   4;
   2;
   0;16;0.966082,-0.000000,0.258235,0.000000,0.000000,1.000000,0.000000,0.000000,-0.258235,-0.000000,0.966082,0.000000,113.724518,-0.000000,0.000000,1.000000;;,
   4800;16;0.966082,-0.000000,0.258235,0.000000,0.000000,1.000000,0.000000,0.000000,-0.258235,-0.000000,0.966082,0.000000,113.724518,-0.000000,0.000000,1.000000;;;
  }
 }

 Animation {
  
  { TailEnd }

  AnimationKey  {
   4;
   2;
   0;16;0.996376,0.000000,0.085057,0.000000,-0.000000,1.000000,-0.000000,0.000000,-0.085057,0.000000,0.996376,0.000000,132.384064,0.000000,0.000000,1.000000;;,
   4800;16;0.996376,0.000000,0.085057,0.000000,-0.000000,1.000000,-0.000000,0.000000,-0.085057,0.000000,0.996376,0.000000,132.384064,0.000000,0.000000,1.000000;;;
  }
 }
}
